sample	noncpg	endo	exo
SRR21549324	1.885	75.497	1.581
SRR21549354	2.320	78.427	1.976
SRR21549376	1.482	76.162	1.338
SRR21549389	1.652	75.856	1.418
SRR21549303	2.202	80.742	1.982
SRR21549362	1.400	75.458	1.302
SRR21549300	0.680	67.756	0.533
SRR21549347	2.059	77.068	1.893
SRR21549308	2.318	78.642	2.050
SRR21549377	2.222	80.879	2.047
SRR21549319	2.306	83.100	2.830
SRR21549358	1.096	73.776	1.036
SRR21549304	1.895	75.906	1.775
SRR21549350	1.550	77.139	1.401
SRR21549342	1.186	74.188	1.123
SRR21549374	2.637	81.228	2.364
SRR21549313	0.635	70.222	0.578
SRR21549330	2.294	78.710	2.086
SRR21549310	1.174	73.126	1.023
SRR21549340	2.487	81.078	2.238
SRR21549339	1.747	76.147	1.598
SRR21549367	1.709	75.917	1.696
SRR21549352	1.625	77.155	1.592
SRR21549387	1.219	72.588	1.099
SRR21549306	1.392	75.868	1.192
SRR21549326	1.704	73.235	1.492
SRR21549299	1.417	74.500	1.366
SRR21549357	1.295	73.711	1.108
SRR21549337	1.858	80.664	1.776
SRR21549382	2.230	81.720	2.095
SRR21549289	1.919	77.014	1.638
SRR21549292	1.915	77.597	1.750
SRR21549353	1.695	78.969	1.565
SRR21549361	3.034	80.820	2.599
SRR21549335	1.595	77.488	1.393
SRR21549380	1.833	80.074	1.484
SRR21549290	2.631	81.263	2.173
SRR21549355	2.049	80.541	1.686
SRR21549307	2.725	81.549	2.311
SRR21549363	1.518	77.980	1.388
SRR21549302	2.227	80.185	2.057
SRR21549384	2.684	73.331	2.238
SRR21549316	0.555	73.211	0.515
SRR21549369	1.215	74.924	1.158
SRR21549371	1.260	74.602	1.092
SRR21549385	1.199	73.983	1.126
SRR21549364	2.027	75.845	1.768
SRR21549388	2.656	81.177	2.396
SRR21549349	1.244	74.440	1.051
SRR21549375	1.684	77.472	1.591
SRR21549296	1.501	74.260	1.201
SRR21549334	2.552	76.187	2.122
SRR21549328	2.087	81.007	1.865
SRR21549345	1.428	75.390	1.353
SRR21549336	2.376	81.655	2.000
SRR21549356	1.044	74.888	1.028
SRR21549291	2.599	78.604	2.247
SRR21549301	1.828	76.531	1.456
SRR21549329	1.584	75.820	1.438
SRR21549359	1.548	76.370	1.390
SRR21549322	1.616	76.128	1.368
SRR21549378	1.276	73.079	1.183
SRR21549293	2.008	80.679	1.759
SRR21549365	1.208	73.485	1.152
SRR21549344	2.879	74.708	2.476
SRR21549372	2.651	73.349	2.429
SRR21549386	2.254	81.485	1.933
SRR21549373	0.831	70.552	0.700
SRR21549298	1.296	73.939	1.090
SRR21549309	3.238	82.817	2.862
SRR21549320	1.831	75.159	1.701
SRR21549383	1.784	71.585	1.706
SRR21549343	1.175	73.576	1.090
SRR21549379	2.212	79.919	1.963
SRR21549331	1.141	73.491	0.967
SRR21549314	0.993	74.317	0.890
SRR21549332	2.805	77.922	2.493
SRR21549368	1.511	73.436	1.435
SRR21549381	2.719	80.788	2.367
SRR21549315	0.864	74.297	0.820
SRR21549341	1.706	79.887	1.533
SRR21549390	1.872	80.430	1.341
SRR21549305	1.838	79.571	1.670
SRR21549297	1.688	76.124	1.516
SRR21549318	0.918	72.046	0.838
SRR21549370	2.555	80.775	2.250
SRR21549294	1.452	76.335	1.373
SRR21549348	2.008	79.780	1.763
SRR21549295	1.741	75.813	1.470
SRR21549366	1.860	76.468	1.633
SRR21549333	2.105	81.455	1.981
SRR21549323	1.936	81.362	1.779
SRR21549325	2.087	79.733	1.844
SRR21549311	1.534	75.552	1.382
SRR21549317	0.926	73.520	0.871
SRR21549346	1.945	77.099	1.731
SRR21549338	2.323	83.084	2.087
SRR21549360	1.411	73.239	1.229
SRR21549312	1.531	79.240	1.384
SRR21549327	0.745	69.669	0.556
