sample	noncpg	endo	exo
SRR6911702_2	0.43	82.119	0.763
SRR6911772_1	3.028	88.413	2.506
SRR6911677_1	2.374	87.359	1.604
SRR6911703_2	2.817	87.755	3.215
SRR6911638_2	0.458	73.913	1.27
SRR6911701_2	3.145	88.514	2.874
SRR6911729_2	2.68	87.903	2.799
SRR6911646_2	1.057	83.146	1.0
SRR6911668_2	3.417	83.333	1.601
SRR6911698_1	0.328	75.63	0.303
SRR6911734_2	1.945	88.722	2.426
SRR6911698_2	0.384	75.956	0.397
SRR6911657_1	3.515	87.725	2.612
SRR6911743_2	3.959	87.975	3.766
SRR6911696_1	2.502	87.594	1.98
SRR6911776_1	0.634	84.974	0.708
SRR6911652_1	2.704	89.685	2.177
SRR6911661_2	0.913	81.287	1.245
SRR6911682_2	1.934	79.452	1.737
SRR6911624_2	0.843	81.818	0.625
SRR6911706_2	2.757	88.776	3.201
SRR6911685_1	2.343	86.478	2.083
SRR6911634_1	4.967	85.075	3.407
SRR6911695_2	2.805	89.45	2.126
SRR6911639_1	0.965	84.586	0.595
SRR6911663_2	2.507	89.362	3.351
SRR6911720_1	4.393	87.65	3.744
SRR6911770_1	2.624	85.342	2.144
SRR6911768_1	0.762	85.113	0.611
SRR6911654_1	0.271	77.418	0.324
SRR6911732_1	2.223	83.705	2.174
SRR6911771_2	3.965	84.783	3.347
SRR6911774_1	4.528	88.823	3.657
SRR6911691_2	3.793	85.321	3.403
SRR6911672_2	0.457	77.064	1.161
SRR6911636_1	2.192	82.149	1.937
SRR6911695_1	2.25	86.825	1.899
SRR6911762_1	1.868	89.156	1.474
SRR6911723_1	3.106	85.058	2.434
SRR6911680_2	3.17	77.778	1.862
SRR6911733_2	4.159	86.0	2.876
SRR6911773_2	2.37	90.476	3.759
SRR6911688_2	1.212	73.333	0.334
SRR6911653_2	3.504	79.679	1.829
SRR6911666_1	2.871	83.968	2.516
SRR6911709_2	2.646	88.312	2.168
SRR6911745_2	1.227	85.606	2.08
SRR6911710_1	3.444	90.336	2.783
SRR6911719_2	5.147	90.678	1.684
SRR6911675_1	1.714	82.734	1.25
SRR6911693_1	7.178	89.563	5.23
SRR6911737_1	0.504	82.709	0.449
SRR6911652_2	2.714	89.286	1.774
SRR6911724_2	2.185	86.713	1.887
SRR6911642_2	0.0	71.637	0.373
SRR6911765_1	2.831	89.525	2.371
SRR6911717_1	3.03	85.199	2.645
SRR6911633_2	1.754	73.154	1.633
SRR6911680_1	3.0	86.106	2.367
SRR6911767_1	2.709	82.649	2.095
SRR6911720_2	3.567	87.248	4.11
SRR6911759_1	2.785	88.501	2.266
SRR6911638_1	0.456	78.37	0.53
SRR6911699_1	1.988	88.012	1.431
SRR6911755_2	2.288	78.283	2.033
SRR6911694_1	0.706	81.64	0.614
SRR6911641_1	0.337	79.553	0.359
SRR6911730_1	3.101	85.678	2.333
SRR6911717_2	3.471	85.89	3.509
SRR6911676_2	1.25	55.556	1.124
SRR6911759_2	2.054	89.516	2.373
SRR6911750_2	2.448	90.217	3.153
SRR6911674_2	0.0	61.538	0.0
SRR6911625_1	3.999	86.512	3.306
SRR6911678_2	2.954	71.698	1.413
SRR6911664_2	2.667	86.093	2.226
SRR6911722_1	1.125	85.139	0.89
SRR6911686_2	1.181	70.37	2.049
SRR6911735_2	3.13	85.0	1.314
SRR6911669_1	3.327	85.327	2.797
SRR6911675_2	1.031	76.923	1.571
SRR6911774_2	3.626	85.965	3.647
SRR6911713_1	2.769	84.736	2.455
SRR6911732_2	1.831	80.147	1.221
SRR6911765_2	3.822	90.625	2.434
SRR6911721_1	2.941	85.127	2.557
SRR6911676_1	1.915	81.842	1.216
SRR6911707_1	2.057	83.641	1.618
SRR6911627_2	1.857	82.317	2.246
SRR6911744_1	0.42	83.119	0.319
SRR6911681_1	2.195	82.509	1.865
SRR6911654_2	0.104	75.229	0.269
SRR6911671_1	0.38	75.73	0.312
SRR6911714_2	0.513	83.417	1.202
SRR6911658_1	2.258	87.133	1.977
SRR6911733_1	3.382	90.13	3.094
SRR6911769_1	3.141	88.767	2.691
SRR6911756_2	1.181	80.663	0.637
SRR6911686_1	2.933	88.444	2.139
SRR6911739_1	0.69	84.329	0.803
SRR6911729_1	3.509	88.068	2.286
SRR6911643_1	2.047	86.245	1.622
SRR6911737_2	0.718	81.579	0.209
SRR6911763_1	5.65	91.07	4.404
SRR6911715_2	0.179	82.456	0.536
SRR6911710_2	3.648	89.764	5.088
SRR6911766_1	2.387	85.925	1.996
SRR6911694_2	0.514	80.804	0.364
SRR6911684_1	1.81	84.974	1.507
SRR6911668_1	2.222	85.996	1.536
SRR6911757_2	0.669	89.764	1.808
SRR6911662_2	1.156	68.056	1.676
SRR6911721_2	2.778	84.211	3.409
SRR6911639_2	0.834	80.11	0.68
SRR6911700_1	3.897	89.303	2.963
SRR6911660_1	2.948	86.468	2.519
SRR6911711_1	3.468	90.178	2.571
SRR6911659_2	2.075	76.279	1.047
SRR6911667_1	0.966	81.752	0.671
SRR6911761_1	2.07	84.331	1.817
SRR6911635_2	4.0	73.333	2.712
SRR6911690_2	6.768	86.818	4.542
SRR6911736_2	4.891	87.582	4.267
SRR6911716_1	3.058	83.007	2.633
SRR6911753_1	2.404	86.562	2.078
SRR6911630_1	0.547	81.332	0.452
SRR6911684_2	0.625	70.27	2.985
SRR6911766_2	2.144	84.472	2.317
SRR6911708_1	3.336	88.631	2.765
SRR6911687_2	3.03	65.909	1.271
SRR6911677_2	0.851	91.489	0.422
SRR6911760_1	3.586	90.376	3.222
SRR6911716_2	4.03	84.028	1.693
SRR6911631_1	0.817	82.031	0.684
SRR6911739_2	0.748	82.727	0.636
SRR6911753_2	2.813	88.136	2.29
SRR6911642_1	0.342	73.879	0.329
SRR6911647_2	3.443	78.417	2.52
SRR6911750_1	2.781	83.867	2.382
SRR6911637_2	2.384	85.915	2.307
SRR6911635_1	3.154	87.748	2.556
SRR6911681_2	1.923	78.947	0.626
SRR6911671_2	0.386	69.444	0.257
SRR6911693_2	8.523	90.616	5.367
SRR6911658_2	2.056	84.756	2.279
SRR6911628_1	5.652	90.648	4.234
SRR6911672_1	0.822	82.457	0.844
SRR6911648_2	0.384	74.138	0.655
SRR6911762_2	3.059	86.957	0.881
SRR6911719_1	3.383	89.474	2.334
SRR6911662_1	1.187	83.925	1.039
SRR6911701_1	2.799	88.36	2.593
SRR6911711_2	3.52	89.375	3.009
SRR6911699_2	2.36	87.291	1.674
SRR6911688_1	0.749	83.106	0.559
SRR6911696_2	2.794	88.382	1.81
SRR6911653_1	2.196	83.367	1.817
SRR6911641_2	0.173	70.313	0.406
SRR6911746_2	0.418	83.333	1.288
SRR6911727_1	2.84	83.069	2.255
SRR6911624_1	0.881	83.244	0.808
SRR6911683_2	0.813	75.728	0.602
SRR6911673_2	2.055	86.747	2.404
SRR6911752_1	2.382	89.314	1.99
SRR6911702_1	0.486	83.408	0.44
SRR6911651_1	0.351	76.463	0.309
SRR6911727_2	2.326	83.871	2.247
SRR6911772_2	2.839	85.714	3.333
SRR6911685_2	2.373	62.745	0.735
SRR6911692_2	1.135	84.192	1.2
SRR6911634_2	5.921	74.242	3.943
SRR6911769_2	2.385	86.364	2.703
SRR6911655_2	0.906	72.067	0.979
SRR6911764_1	0.591	81.034	0.59
SRR6911704_1	3.657	88.455	2.963
SRR6911724_1	2.265	83.164	1.796
SRR6911776_2	0.856	81.395	0.179
SRR6911768_2	1.25	82.27	0.904
SRR6911734_1	2.543	86.845	2.01
SRR6911718_1	3.579	89.559	3.046
SRR6911771_1	2.78	85.373	2.358
SRR6911678_1	2.843	81.674	2.288
SRR6911755_1	2.287	85.023	1.874
SRR6911744_2	0.152	81.119	0.636
SRR6911649_2	0.215	76.364	0.102
SRR6911709_1	2.435	88.811	2.02
SRR6911636_2	2.028	71.318	1.893
SRR6911657_2	3.333	88.591	2.643
SRR6911714_1	1.189	87.381	1.105
SRR6911760_2	4.81	85.714	3.427
SRR6911640_1	3.224	86.2	2.548
SRR6911752_2	2.564	86.275	1.158
SRR6911728_2	0.412	82.946	0.562
SRR6911746_1	1.771	85.125	2.029
SRR6911644_1	0.979	82.772	0.665
SRR6911764_2	0.644	82.759	1.154
SRR6911691_1	4.169	87.086	3.173
SRR6911751_2	2.455	85.714	2.394
SRR6911754_1	3.217	89.785	2.618
SRR6911669_2	2.474	81.136	2.778
SRR6911767_2	2.885	83.221	3.298
SRR6911715_1	0.425	83.56	0.396
SRR6911770_2	2.304	88.372	2.467
SRR6911754_2	3.293	89.63	1.441
SRR6911632_2	0.712	85.455	0.633
SRR6911640_2	5.326	82.787	2.392
SRR6911704_2	2.641	89.84	4.124
SRR6911758_1	4.316	89.247	2.965
SRR6911648_1	0.314	79.261	0.341
SRR6911747_2	2.922	79.874	1.873
SRR6911731_1	4.333	90.615	3.396
SRR6911756_1	0.696	85.22	0.629
SRR6911625_2	2.667	77.108	2.419
SRR6911629_2	2.947	79.832	2.381
SRR6911633_1	1.081	82.306	1.21
SRR6911758_2	5.176	85.526	3.903
SRR6911757_1	1.91	88.005	1.525
SRR6911670_2	3.079	79.695	2.462
SRR6911665_1	2.289	86.085	1.716
SRR6911631_2	0.743	85.149	0.0
SRR6911656_1	0.869	81.622	0.849
SRR6911666_2	3.455	79.839	2.505
SRR6911689_2	3.523	77.465	0.998
SRR6911659_1	1.31	82.51	1.093
SRR6911679_2	2.299	75.41	1.73
SRR6911741_1	3.329	86.453	2.78
SRR6911741_2	3.364	82.031	3.267
SRR6911692_1	1.455	85.44	1.196
SRR6911743_1	3.781	89.545	3.037
SRR6911628_2	7.031	81.579	4.214
SRR6911683_1	1.907	82.643	1.398
SRR6911673_1	2.959	85.168	2.418
SRR6911730_2	3.514	80.769	2.332
SRR6911747_1	2.315	86.623	1.73
SRR6911742_2	4.038	85.556	3.991
SRR6911670_1	3.385	83.827	3.029
SRR6911682_1	2.437	82.892	2.229
SRR6911723_2	3.951	85.039	3.468
SRR6911735_1	3.312	89.856	2.531
SRR6911705_1	2.962	87.492	2.375
SRR6911644_2	0.0	68.0	0.0
SRR6911742_1	5.115	88.148	4.386
SRR6911665_2	1.86	79.832	1.563
SRR6911707_2	2.361	82.828	1.319
SRR6911712_1	2.263	87.372	1.991
SRR6911656_2	0.41	82.524	1.07
SRR6911651_2	0.261	75.714	0.579
SRR6911718_2	5.381	86.755	2.134
SRR6911749_1	0.324	77.077	0.382
SRR6911650_1	0.707	84.093	0.735
SRR6911627_1	2.615	84.998	2.123
SRR6911749_2	0.466	75.0	0.326
SRR6911738_1	2.718	88.398	2.256
SRR6911626_2	1.142	82.212	0.836
SRR6911775_1	0.89	84.165	0.701
SRR6911726_1	3.209	84.561	2.694
SRR6911763_2	4.858	86.29	5.413
SRR6911667_2	1.125	82.39	0.602
SRR6911731_2	5.019	90.196	6.191
SRR6911751_1	3.775	86.095	3.09
SRR6911697_2	3.799	88.316	2.644
SRR6911703_1	3.448	89.116	2.97
SRR6911748_2	3.771	89.848	2.284
SRR6911726_2	3.877	85.047	2.439
SRR6911740_1	4.933	90.044	4.46
SRR6911740_2	6.292	83.0	5.286
SRR6911712_2	1.447	84.821	2.55
SRR6911630_2	0.801	75.758	0.452
SRR6911745_1	2.156	85.716	1.593
SRR6911661_1	0.919	83.325	0.864
SRR6911722_2	1.186	77.966	0.68
SRR6911647_1	4.49	87.402	3.501
SRR6911650_2	0.36	80.214	0.856
SRR6911637_1	2.177	87.306	1.981
SRR6911645_2	0.654	86.441	1.695
SRR6911626_1	0.859	82.593	1.045
SRR6911705_2	2.408	82.443	3.382
SRR6911725_1	4.662	91.404	4.299
SRR6911725_2	4.704	89.781	3.75
SRR6911632_1	0.354	79.429	0.29
SRR6911649_1	0.392	80.187	0.348
SRR6911697_1	3.629	87.727	2.894
SRR6911700_2	4.701	93.878	4.39
SRR6911689_1	3.331	88.072	2.563
SRR6911679_1	2.493	86.129	2.003
SRR6911706_1	2.537	88.71	2.208
SRR6911761_2	3.0	84.884	0.943
SRR6911660_2	3.652	86.207	2.513
SRR6911708_2	3.736	86.387	2.396
SRR6911646_1	1.775	89.869	1.642
SRR6911690_1	5.992	88.889	4.451
SRR6911629_1	2.99	86.066	2.231
SRR6911674_1	0.521	79.081	0.433
SRR6911748_1	2.492	88.662	2.293
SRR6911713_2	2.768	88.288	2.011
SRR6911645_1	2.09	89.27	1.872
SRR6911664_1	3.728	90.306	3.202
SRR6911663_1	3.731	89.96	3.018
SRR6911736_1	3.966	88.841	3.039
SRR6911728_1	0.319	81.815	0.364
SRR6911773_1	3.723	88.651	3.047
SRR6911738_2	3.448	81.159	1.671
SRR6911775_2	1.048	87.586	0.836
SRR6911643_2	1.987	76.552	1.3
SRR6911687_1	2.144	82.257	2.079
SRR6911655_1	1.469	77.99	1.268
