4	-1	44
2	-1	44
3	-1	33
4	-1	39
0	0	60
2	-1	34
0	-1	84
1	-1	85
8	-1	83
2	-1	28
2	-1	85
1	1	76
1	-1	22
1	-1	20
2	4	21
8	-1	85
3	-1	32
4	-1	32
4	-1	32
1	4	22
0	0	86
4	-1	48
4	-1	48
3	8	21
3	6	20
1	1	86
2	-1	27
2	-1	28
1	1	20
2	-1	34
1	4	20
0	-1	85
0	-1	83
0	0	85
0	0	86
0	0	86
0	0	85
3	-1	23
1	6	20
0	0	86
0	0	86
0	-1	23
0	0	86
0	0	86
1	1	86
0	0	86
0	0	86
0	0	86
4	-1	21
0	-1	25
0	0	85
1	7	20
2	-1	83
0	0	85
0	0	85
1	-1	51
1	-1	51
4	-1	24
1	-1	36
1	-1	36
1	-1	86
0	0	86
0	0	86
0	0	86
3	-1	42
4	-1	42
1	-1	31
1	-1	31
0	-1	86
0	12	86
2	-1	22
0	0	85
1	-1	20
0	-1	86
0	-1	86
1	5	85
6	-1	26
0	-1	85
0	0	86
4	-1	39
2	-1	40
10	-1	85
2	-1	25
2	4	20
0	-1	85
3	5	22
2	-1	85
2	-1	22
0	0	86
0	-1	85
2	-1	26
1	2	85
2	-1	30
3	-1	26
3	5	21
3	6	21
2	-1	24
0	0	86
1	1	85
3	-1	25
1	-1	24
4	-1	57
2	5	22
2	-1	40
1	-1	29
2	-1	25
0	0	86
0	0	86
2	-1	23
3	-1	34
2	-1	23
2	-1	23
0	-1	23
0	0	86
0	0	86
0	0	86
5	-1	63
3	-1	63
3	-1	40
4	-1	35
4	-1	35
1	-1	86
5	-1	52
5	-1	52
0	-1	24
1	4	21
4	-1	24
4	-1	36
1	-1	86
0	-1	36
0	-1	36
5	-1	86
2	-1	40
4	8	21
4	-1	42
2	6	23
1	-1	23
1	-1	85
0	0	86
0	0	86
0	0	86
0	0	86
2	-1	21
2	-1	26
2	5	20
0	-1	85
1	-1	33
0	-1	33
5	-1	31
1	-1	23
1	-1	85
3	-1	27
3	-1	26
1	-1	25
2	6	23
3	8	23
0	16	85
0	-1	86
2	-1	39
4	-1	30
0	7	85
1	8	85
3	-1	80
1	-1	85
0	0	86
2	4	20
2	-1	35
2	-1	35
0	0	85
1	-1	35
0	-1	86
2	-1	21
3	-1	24
1	-1	22
3	-1	28
5	9	22
3	-1	33
1	3	20
0	-1	20
0	0	64
2	4	20
1	-1	23
2	-1	25
1	-1	85
0	-1	85
16	-1	86
4	-1	67
4	-1	67
1	-1	34
2	5	25
1	-1	86
0	10	84
0	0	85
1	-1	23
0	-1	26
0	-1	29
0	0	85
2	-1	23
4	-1	26
3	-1	27
0	8	85
1	-1	86
0	18	84
0	19	86
2	-1	34
4	5	21
1	6	20
0	-1	85
2	-1	25
2	-1	30
0	0	86
0	0	86
4	-1	33
0	5	84
0	-1	85
4	-1	41
0	-1	85
0	0	85
3	-1	27
1	-1	40
1	-1	22
4	7	22
3	-1	22
3	5	20
2	3	21
0	0	86
3	-1	37
2	-1	37
0	0	86
2	-1	23
12	-1	85
2	3	22
3	-1	32
5	-1	44
0	0	86
0	0	86
1	-1	31
1	-1	31
6	-1	29
2	-1	27
1	-1	23
4	9	23
3	-1	42
0	0	86
0	0	86
0	0	86
2	-1	24
4	-1	43
1	-1	26
0	-1	85
0	6	81
2	-1	43
0	8	85
1	-1	85
1	-1	84
2	4	20
20	-1	85
5	-1	24
0	-1	86
3	-1	52
4	-1	52
4	-1	85
0	0	85
1	-1	85
4	-1	46
0	0	86
4	-1	46
4	-1	46
5	-1	85
1	-1	83
0	-1	85
3	-1	54
4	-1	54
0	10	85
0	6	84
0	-1	85
5	6	22
7	-1	64
8	-1	64
3	-1	86
0	-1	84
2	-1	26
4	5	23
4	6	23
3	-1	22
0	-1	29
4	-1	21
0	-1	42
4	-1	85
1	-1	35
1	-1	32
1	-1	74
1	-1	86
3	-1	24
3	-1	26
2	-1	26
6	-1	41
6	-1	85
2	-1	37
0	-1	32
0	-1	32
2	-1	34
0	-1	26
2	-1	27
3	6	20
4	-1	51
0	-1	85
0	0	86
0	0	86
0	-1	86
0	-1	86
0	-1	85
0	-1	85
0	-1	85
0	-1	85
2	-1	85
0	0	86
1	-1	84
0	-1	86
0	-1	85
0	-1	86
0	-1	85
2	-1	85
1	-1	86
0	-1	85
0	-1	85
1	-1	85
2	-1	85
0	-1	84
1	13	86
0	-1	23
2	-1	85
1	-1	86
4	-1	34
5	-1	85
2	-1	24
0	3	22
0	1	85
1	-1	22
1	-1	21
1	-1	26
1	-1	32
3	-1	44
3	7	20
2	-1	25
2	-1	31
1	2	85
3	-1	23
0	0	85
1	-1	35
0	-1	86
0	-1	85
3	-1	40
1	-1	84
2	-1	30
2	-1	85
1	-1	86
0	0	86
2	4	21
0	-1	86
0	-1	25
0	-1	86
0	-1	86
3	7	20
0	-1	70
0	-1	70
3	-1	24
1	-1	25
2	6	21
5	-1	34
4	-1	34
0	0	86
0	0	86
0	0	86
3	-1	32
3	3	20
4	6	20
5	-1	29
3	-1	29
2	-1	29
2	-1	29
0	0	86
5	6	21
4	-1	24
0	0	57
1	-1	74
0	-1	85
0	-1	85
2	-1	43
2	-1	43
3	-1	22
1	-1	40
0	0	85
3	7	20
2	6	22
0	0	85
3	-1	24
1	-1	32
8	-1	45
8	-1	45
2	5	21
3	-1	26
3	-1	24
0	0	86
0	-1	85
2	-1	24
0	0	86
0	-1	26
1	-1	28
0	0	83
0	-1	25
1	-1	22
3	5	20
1	-1	26
7	-1	47
6	-1	47
2	7	20
3	-1	28
3	-1	27
0	0	85
4	-1	33
1	-1	32
1	3	22
6	-1	84
3	-1	28
0	1	80
1	-1	28
3	-1	85
0	0	86
3	-1	26
4	-1	26
2	-1	25
1	-1	72
1	10	86
0	-1	86
2	-1	34
2	-1	34
4	5	22
3	7	22
0	-1	35
1	-1	35
0	0	86
3	5	20
6	-1	85
0	0	85
2	5	23
0	0	85
0	0	86
0	0	86
0	0	86
0	0	86
0	0	86
0	-1	86
0	0	86
0	0	86
0	0	85
0	0	85
0	-1	85
0	1	85
1	-1	85
0	-1	85
0	-1	85
0	-1	85
0	-1	85
0	-1	85
1	-1	85
1	-1	85
1	-1	83
1	-1	85
4	-1	85
1	-1	85
2	-1	85
4	-1	82
3	-1	24
2	7	21
5	-1	37
1	-1	25
1	-1	21
0	0	86
0	0	86
1	-1	86
3	6	21
4	-1	31
3	-1	31
0	14	80
1	-1	86
0	0	86
4	-1	29
0	10	85
1	2	85
0	-1	85
0	-1	22
2	-1	38
2	-1	30
3	-1	41
2	-1	21
0	11	86
0	9	85
0	0	86
2	-1	85
4	-1	39
0	0	44
0	-1	28
0	0	86
0	8	79
0	7	85
2	6	20
2	6	20
1	-1	32
2	-1	23
2	-1	38
4	-1	86
0	12	86
0	10	84
1	-1	26
1	-1	86
6	-1	51
6	-1	51
4	7	20
4	7	20
0	0	86
3	-1	31
0	11	85
1	-1	84
0	0	84
0	0	85
0	0	86
0	0	85
4	-1	22
2	-1	23
3	7	20
5	-1	41
1	-1	85
0	-1	36
5	-1	79
2	-1	23
1	-1	27
1	-1	27
0	0	85
6	-1	28
2	-1	35
3	-1	44
2	-1	29
2	-1	30
2	-1	30
1	5	20
2	-1	29
4	-1	27
0	-1	21
2	4	48
0	-1	34
0	0	82
5	-1	26
0	0	86
3	7	22
0	-1	21
0	0	86
2	-1	22
2	-1	22
2	5	22
1	-1	24
0	4	84
1	17	86
1	-1	23
0	0	28
0	21	86
0	0	86
2	-1	30
2	-1	85
1	-1	32
0	-1	72
1	-1	22
5	-1	25
1	-1	35
5	-1	59
0	0	86
0	0	86
1	-1	85
2	-1	23
4	-1	24
3	-1	30
0	0	86
0	0	86
0	0	86
0	0	86
0	0	86
4	7	22
3	-1	21
0	-1	83
4	-1	86
1	-1	32
0	0	67
4	-1	25
3	-1	44
4	4	20
2	-1	28
4	5	23
3	-1	49
2	-1	49
0	0	82
6	-1	85
3	8	21
2	-1	25
2	5	20
3	-1	34
1	-1	38
1	-1	38
2	-1	85
4	-1	56
5	-1	56
1	-1	25
3	-1	43
0	0	66
0	0	86
0	0	85
2	-1	85
0	-1	34
0	0	85
4	-1	37
1	-1	56
6	12	25
5	9	24
4	10	23
3	-1	41
0	-1	22
1	1	86
0	-1	28
1	-1	34
1	-1	27
5	-1	42
0	0	86
3	-1	25
1	-1	27
1	-1	27
3	-1	34
1	-1	23
2	-1	20
4	-1	85
0	0	86
0	0	86
3	-1	86
2	-1	24
3	-1	51
4	-1	51
1	-1	21
1	-1	84
3	7	20
3	6	24
1	-1	20
1	-1	32
3	6	21
2	-1	85
0	-1	85
2	-1	24
4	5	21
4	5	20
0	-1	22
4	-1	77
3	5	21
3	6	21
3	-1	33
0	0	86
0	29	85
0	0	85
0	0	85
1	-1	85
2	-1	26
2	-1	26
1	-1	22
17	-1	85
2	-1	21
1	4	20
3	-1	23
0	-1	24
0	-1	23
2	-1	34
0	0	85
4	-1	42
0	-1	85
0	0	44
0	6	82
0	7	85
2	-1	22
3	5	20
2	5	20
3	6	21
1	-1	26
1	-1	85
0	-1	20
2	-1	86
1	-1	25
4	-1	28
3	5	27
1	-1	28
2	-1	20
0	0	85
2	-1	20
0	-1	21
2	-1	29
2	4	21
0	0	85
1	-1	32
2	-1	31
3	-1	31
1	1	86
5	-1	77
2	-1	36
3	-1	33
0	-1	27
0	0	86
2	-1	23
1	-1	40
5	-1	49
4	-1	49
9	-1	85
3	-1	24
3	6	23
0	12	85
0	32	86
3	-1	49
4	-1	23
2	-1	21
2	-1	39
1	-1	22
3	-1	22
0	-1	85
2	5	20
1	-1	25
0	0	86
5	7	20
3	-1	85
1	-1	85
3	-1	42
1	10	84
3	-1	22
1	-1	29
7	-1	26
7	-1	38
3	6	22
4	-1	46
1	1	21
4	-1	42
4	-1	52
8	-1	44
2	2	21
2	-1	26
2	-1	38
1	-1	48
3	-1	22
5	-1	28
0	0	86
1	-1	84
0	7	85
0	-1	84
1	-1	29
0	-1	23
5	10	22
2	-1	27
1	-1	26
3	-1	24
5	-1	24
0	0	85
3	-1	28
3	-1	41
2	6	20
3	6	20
2	-1	23
1	-1	29
1	-1	29
2	-1	24
3	-1	27
0	-1	28
0	-1	26
2	-1	24
0	0	86
0	0	86
2	-1	38
3	-1	38
0	0	86
3	4	22
3	-1	29
5	-1	29
2	-1	27
0	0	79
3	-1	29
4	-1	27
1	-1	27
3	-1	29
3	-1	28
2	-1	25
0	5	86
0	10	85
0	-1	86
1	8	84
2	-1	29
1	-1	28
3	-1	84
1	-1	21
2	-1	31
0	0	85
2	-1	85
2	2	20
2	2	86
7	-1	33
1	5	20
4	-1	26
0	-1	86
2	-1	30
0	-1	86
1	-1	84
3	-1	30
4	-1	31
1	4	20
2	-1	42
2	-1	42
0	-1	21
3	6	21
1	-1	39
0	0	86
3	-1	28
0	-1	28
1	-1	83
0	-1	85
1	-1	43
1	-1	33
2	-1	33
0	0	86
0	-1	21
2	-1	29
3	-1	48
3	5	22
0	0	86
0	0	86
3	-1	33
0	0	86
0	0	86
1	-1	85
3	5	20
4	-1	41
3	-1	86
0	13	86
0	-1	85
0	-1	29
3	6	20
0	0	86
3	-1	31
1	-1	85
1	-1	36
0	-1	24
4	7	25
2	-1	25
2	-1	30
0	-1	74
2	-1	32
1	-1	27
2	6	21
0	0	86
1	-1	26
3	-1	40
2	-1	25
1	-1	32
4	-1	27
1	-1	29
2	-1	34
1	-1	25
4	-1	35
3	-1	35
4	-1	81
1	-1	85
5	-1	48
0	0	85
5	8	23
3	6	22
2	-1	25
3	7	20
3	7	20
3	5	21
3	7	21
1	4	22
4	-1	25
1	-1	32
0	6	84
0	0	85
3	5	20
0	0	85
1	-1	22
3	-1	37
2	-1	86
0	-1	86
3	-1	30
2	-1	26
2	-1	34
0	5	70
2	-1	44
4	8	21
4	-1	85
5	-1	81
5	-1	81
0	0	85
2	-1	84
3	-1	30
3	-1	30
1	-1	85
5	-1	59
0	0	85
2	-1	26
0	-1	86
7	-1	85
4	-1	28
0	0	85
3	-1	37
0	0	69
0	0	86
0	0	86
0	0	86
2	4	20
0	-1	86
5	7	20
2	-1	86
7	-1	81
4	-1	54
4	-1	37
4	-1	37
1	-1	34
0	-1	27
2	-1	24
3	6	21
4	-1	25
2	5	20
5	-1	54
3	9	21
0	0	86
1	-1	32
4	7	22
3	-1	25
0	0	83
2	-1	27
0	-1	86
0	1	85
4	-1	85
1	-1	27
1	-1	21
0	-1	84
2	-1	30
3	-1	30
4	-1	86
8	-1	39
2	-1	83
0	18	85
0	0	75
0	0	86
0	0	86
1	-1	85
6	-1	46
2	-1	46
1	-1	31
4	-1	85
0	-1	24
2	3	85
1	-1	82
2	-1	29
2	-1	29
2	-1	40
2	-1	40
0	-1	84
0	0	41
3	-1	86
1	-1	85
2	-1	26
3	-1	29
1	-1	20
1	-1	31
1	-1	86
1	2	75
2	-1	50
0	2	80
2	-1	24
0	4	84
0	0	86
1	-1	28
1	-1	28
1	-1	32
1	1	20
2	-1	22
0	0	85
5	-1	30
2	-1	21
1	-1	23
0	-1	24
3	-1	47
3	-1	47
0	0	86
0	0	86
0	0	86
0	-1	85
0	0	86
0	-1	86
0	0	86
0	0	86
0	0	85
0	0	85
0	-1	85
0	0	85
0	-1	85
0	0	85
0	0	82
0	-1	85
1	-1	85
0	-1	85
0	-1	85
0	-1	85
1	-1	85
0	0	72
1	-1	83
1	-1	85
0	-1	84
2	-1	85
1	-1	85
1	-1	85
3	-1	85
1	-1	37
0	0	86
0	0	86
0	0	86
1	-1	28
3	-1	35
0	0	86
7	-1	52
5	8	22
3	-1	25
1	-1	25
0	-1	85
1	-1	31
2	-1	27
2	-1	27
3	6	20
1	-1	28
4	-1	24
4	-1	35
5	-1	85
0	-1	84
0	0	85
2	-1	35
0	0	21
3	-1	40
4	-1	31
6	-1	79
1	-1	40
1	-1	40
2	-1	25
3	-1	26
1	-1	31
4	-1	23
2	-1	85
3	-1	85
1	-1	85
2	-1	30
1	-1	85
0	-1	85
0	-1	86
4	-1	85
9	-1	83
0	-1	86
1	-1	25
0	-1	29
2	-1	26
3	9	22
2	-1	48
4	6	23
0	-1	25
0	3	20
0	0	86
1	-1	29
4	-1	31
0	-1	85
1	-1	20
0	-1	35
2	-1	24
2	-1	85
0	0	86
4	-1	27
0	-1	21
0	0	86
3	-1	43
3	5	20
0	0	86
2	8	20
4	-1	24
2	-1	85
0	-1	85
1	10	85
2	-1	26
1	6	20
5	-1	55
2	-1	86
2	-1	34
0	-1	20
0	-1	85
0	-1	81
0	0	86
1	-1	32
2	-1	50
1	25	86
0	9	85
2	-1	75
4	6	20
2	-1	25
3	-1	26
0	-1	31
0	0	37
3	-1	22
3	-1	31
4	-1	85
1	-1	27
0	0	86
6	-1	80
6	-1	80
5	-1	34
1	-1	29
1	1	62
5	-1	28
1	-1	47
3	-1	39
3	-1	39
0	0	86
5	-1	38
5	-1	38
3	8	23
0	10	86
0	-1	84
4	5	21
5	-1	26
5	-1	36
5	-1	36
3	-1	26
3	-1	27
0	0	86
3	6	20
1	4	20
2	-1	27
2	-1	43
6	-1	86
4	-1	75
2	6	21
2	-1	60
6	-1	84
0	0	86
0	-1	33
2	-1	23
2	-1	29
3	-1	23
2	4	20
1	6	80
1	-1	85
0	0	86
0	-1	22
1	-1	72
6	-1	86
1	-1	41
0	-1	41
1	-1	85
0	0	86
7	-1	49
1	-1	85
1	2	20
1	-1	86
0	8	86
0	0	86
0	0	86
0	0	86
0	0	86
0	0	86
0	0	86
5	-1	23
1	-1	34
1	-1	34
9	-1	86
2	-1	23
1	-1	26
0	0	85
2	-1	25
3	-1	35
0	6	85
5	-1	33
1	2	51
3	3	21
4	-1	36
2	-1	48
0	-1	85
0	0	68
1	-1	85
1	-1	85
1	-1	56
1	-1	20
2	22	86
0	-1	86
0	-1	85
0	-1	84
0	4	86
2	-1	20
0	-1	86
1	-1	85
0	0	86
1	-1	85
0	7	86
0	0	86
0	0	86
0	0	86
4	6	24
2	-1	24
1	-1	85
3	3	20
0	-1	25
0	-1	25
2	-1	86
0	-1	84
0	-1	85
0	-1	81
5	-1	65
1	-1	23
8	-1	52
2	-1	34
2	-1	29
0	0	86
0	0	86
0	0	86
0	0	86
4	7	20
0	0	85
0	-1	22
5	7	21
0	0	86
0	0	86
4	7	21
1	2	74
0	0	86
1	-1	85
1	-1	85
0	-1	86
0	-1	85
0	11	85
5	-1	26
8	-1	86
0	-1	42
1	-1	42
2	-1	43
1	-1	24
3	-1	25
0	0	86
0	-1	85
0	-1	86
2	-1	25
0	0	86
0	0	86
0	0	86
0	-1	22
4	5	21
3	-1	32
1	4	20
4	7	22
2	-1	22
4	-1	28
2	4	20
0	0	86
0	0	86
1	-1	83
2	-1	26
2	3	22
3	-1	21
3	-1	85
2	-1	41
2	-1	41
1	4	85
0	12	85
3	-1	32
2	-1	21
0	7	85
4	-1	86
2	-1	28
1	-1	23
2	-1	26
1	-1	36
0	0	86
0	0	86
1	-1	21
1	-1	21
2	-1	24
3	-1	54
0	0	86
0	-1	85
1	-1	38
3	-1	28
1	-1	86
0	-1	27
1	1	85
4	-1	54
6	-1	62
0	-1	42
1	-1	24
2	-1	23
3	4	20
1	8	83
0	-1	85
0	0	84
3	-1	38
3	7	20
2	-1	30
0	-1	85
2	3	22
0	0	25
4	-1	41
0	0	85
8	-1	85
6	-1	27
2	-1	45
1	-1	45
2	7	25
0	0	86
0	0	86
2	-1	36
3	-1	26
2	-1	22
2	4	22
0	1	85
1	1	85
1	-1	83
4	6	24
5	-1	48
0	-1	85
0	-1	22
0	0	86
5	-1	85
0	-1	32
4	-1	46
3	-1	41
2	-1	41
1	4	20
0	-1	86
2	-1	26
4	-1	23
0	-1	29
1	-1	21
1	23	86
5	-1	28
2	4	22
1	-1	29
2	-1	34
3	-1	26
0	-1	33
1	-1	33
2	-1	28
3	-1	28
1	-1	21
0	0	86
0	0	86
0	0	86
0	0	86
0	0	86
4	-1	51
4	-1	51
2	-1	22
0	0	86
1	-1	39
0	-1	84
0	8	86
1	4	21
1	-1	33
1	-1	83
0	-1	85
4	7	24
1	-1	24
1	-1	85
2	7	22
5	-1	80
5	-1	33
6	-1	33
3	-1	38
0	-1	25
3	-1	85
1	13	85
1	12	84
0	-1	85
2	-1	34
2	-1	34
2	-1	85
4	-1	66
1	-1	29
1	4	21
0	-1	86
0	3	72
4	-1	32
0	0	86
0	10	86
0	-1	85
0	-1	22
4	-1	36
2	-1	29
2	-1	29
0	8	85
0	-1	85
3	-1	34
0	-1	85
1	8	85
1	-1	34
0	-1	34
1	-1	26
5	6	26
0	19	85
0	-1	85
0	13	84
0	-1	85
3	-1	32
3	6	22
2	-1	42
3	-1	24
0	1	41
0	0	86
0	0	86
0	0	86
0	0	86
0	0	86
0	-1	82
4	-1	39
4	-1	85
1	1	85
1	-1	25
1	-1	31
0	0	70
3	-1	54
3	6	24
3	-1	37
2	-1	22
1	-1	52
4	-1	39
4	6	21
0	-1	85
0	0	86
0	0	86
4	-1	24
3	-1	24
4	-1	36
4	5	20
0	0	86
2	3	20
1	-1	22
0	0	86
0	0	86
0	6	83
1	-1	82
1	-1	85
1	1	85
1	-1	31
3	-1	23
3	-1	46
1	-1	20
12	-1	72
3	-1	23
0	4	83
2	-1	86
3	5	20
2	-1	24
3	-1	22
4	-1	29
4	-1	21
7	-1	54
2	-1	35
3	-1	40
0	0	85
4	-1	28
1	-1	22
4	7	20
2	-1	32
0	5	85
0	-1	86
6	-1	51
2	3	20
0	1	85
0	-1	22
4	-1	86
0	12	85
1	-1	81
1	1	85
0	-1	86
0	0	69
3	-1	45
1	-1	45
2	-1	21
0	-1	84
0	0	86
1	12	86
1	14	85
3	-1	36
3	-1	36
0	1	85
0	0	21
1	-1	34
0	8	85
3	-1	86
2	-1	21
2	-1	20
0	-1	21
1	-1	86
0	-1	22
1	-1	27
4	-1	49
0	0	36
1	-1	23
1	-1	20
0	0	50
1	-1	84
1	-1	85
1	25	85
0	21	86
1	-1	85
2	6	21
0	0	82
1	1	84
1	-1	85
0	-1	86
2	5	22
0	0	86
3	-1	32
2	-1	85
2	6	20
5	-1	46
0	4	85
0	-1	85
2	-1	45
3	-1	83
3	5	20
1	-1	26
3	-1	77
2	-1	52
2	-1	52
2	-1	42
0	-1	28
4	-1	33
5	-1	48
5	-1	48
0	0	86
0	0	86
0	-1	85
3	5	20
6	-1	86
0	0	79
2	4	20
0	0	86
0	0	86
3	5	22
1	-1	21
0	-1	84
2	-1	29
2	-1	23
3	6	21
5	8	22
3	-1	68
19	-1	84
2	2	20
2	-1	51
2	-1	51
0	0	85
4	-1	84
6	-1	52
2	-1	23
0	-1	86
0	8	86
1	-1	39
0	0	86
1	-1	25
1	3	20
0	-1	86
0	9	84
2	-1	26
2	-1	26
0	-1	85
1	-1	32
2	-1	32
0	0	85
1	1	21
2	-1	86
0	-1	85
0	-1	33
0	0	86
0	11	86
0	11	85
2	-1	22
0	0	85
6	-1	85
0	-1	85
1	-1	43
4	-1	28
0	-1	42
1	-1	32
2	-1	30
1	-1	30
1	-1	86
0	14	85
2	4	20
0	-1	24
1	-1	21
7	-1	37
0	-1	86
2	-1	24
1	-1	22
2	-1	21
3	-1	86
2	-1	85
2	-1	33
1	-1	26
0	-1	24
0	0	85
0	0	85
0	0	85
1	6	20
0	0	78
2	-1	38
0	2	20
2	-1	27
2	2	20
2	-1	29
0	-1	40
0	0	86
0	0	86
1	-1	86
1	-1	26
1	1	85
6	-1	85
0	0	85
4	-1	42
4	-1	42
1	-1	25
0	0	44
0	0	86
0	0	86
0	0	86
2	-1	85
3	-1	24
5	8	27
0	-1	24
3	-1	24
0	0	86
0	0	86
0	0	86
2	-1	39
1	-1	28
3	-1	34
1	-1	37
1	-1	37
2	-1	29
1	-1	29
1	-1	28
0	0	85
0	2	21
1	-1	23
0	-1	24
3	-1	25
3	-1	27
2	-1	24
0	0	85
0	-1	84
3	-1	85
0	-1	84
4	8	21
1	-1	28
0	-1	85
0	-1	85
1	-1	44
1	-1	44
3	-1	51
3	-1	51
1	4	21
3	6	21
5	-1	45
0	0	85
1	-1	24
0	11	86
0	13	86
0	8	85
1	-1	61
1	-1	86
0	7	86
0	12	86
1	3	85
0	-1	85
1	-1	22
1	-1	21
2	-1	85
0	0	86
2	4	20
3	-1	82
1	-1	24
2	-1	28
2	-1	23
2	-1	22
1	-1	27
1	-1	38
2	-1	86
2	-1	51
0	0	82
1	-1	84
0	-1	86
7	-1	48
1	-1	28
1	-1	28
3	-1	24
2	-1	38
2	-1	25
2	6	21
4	7	22
5	-1	28
4	-1	30
1	1	86
1	-1	22
1	-1	23
3	-1	26
2	-1	24
3	-1	35
1	2	20
1	-1	37
4	-1	38
4	7	22
0	0	86
2	4	20
3	5	20
0	0	86
1	-1	85
2	-1	22
0	0	86
2	-1	30
3	6	24
2	-1	85
3	-1	30
4	-1	85
2	-1	29
0	-1	27
6	8	24
1	-1	84
4	-1	86
3	-1	25
1	-1	23
2	-1	37
4	9	21
1	35	86
4	-1	58
4	-1	85
1	-1	25
2	3	85
0	-1	28
1	-1	86
3	4	23
2	-1	34
2	-1	34
2	-1	36
1	-1	32
2	-1	21
0	-1	82
2	-1	28
0	4	85
2	-1	22
5	-1	21
0	1	81
2	-1	24
4	6	21
1	-1	22
1	1	43
0	-1	86
0	-1	84
4	-1	36
3	-1	84
0	-1	85
3	5	21
3	-1	38
2	-1	86
1	-1	20
1	-1	20
1	-1	37
4	-1	27
0	-1	40
4	8	21
3	-1	61
3	-1	61
2	-1	84
5	-1	86
3	-1	37
3	-1	34
3	-1	35
4	-1	35
1	-1	80
1	-1	86
0	-1	20
0	1	85
2	-1	21
4	-1	21
6	-1	85
0	-1	28
2	6	20
0	0	83
3	-1	22
2	3	20
1	-1	21
4	6	20
3	5	22
6	-1	49
0	0	85
0	0	85
2	-1	23
0	-1	85
1	-1	31
2	-1	31
4	-1	54
4	-1	54
2	-1	30
2	-1	29
1	1	21
0	-1	86
0	-1	85
1	-1	22
2	-1	26
0	7	86
0	-1	85
0	-1	85
3	-1	28
4	-1	71
5	-1	71
0	0	86
3	-1	85
1	5	20
7	-1	48
1	-1	35
13	-1	83
0	-1	85
0	7	85
0	0	86
0	-1	85
0	0	86
0	0	86
2	5	21
1	-1	24
3	-1	23
3	-1	58
2	-1	24
1	-1	25
1	-1	86
1	-1	28
1	-1	28
2	-1	30
0	14	86
0	-1	83
6	-1	61
3	-1	30
4	-1	27
1	-1	23
1	2	20
5	-1	35
0	0	85
0	-1	86
4	-1	32
4	-1	32
0	0	84
2	-1	34
1	3	20
0	0	85
0	0	85
0	0	85
1	-1	21
4	-1	24
2	-1	86
2	4	20
2	-1	22
3	-1	25
2	4	21
4	-1	32
1	-1	24
0	-1	86
1	-1	31
1	-1	31
6	-1	37
1	4	20
3	-1	24
0	-1	31
1	-1	20
0	-1	27
1	-1	86
1	-1	21
0	0	38
0	0	86
4	8	26
4	6	22
0	-1	83
1	-1	40
0	0	86
0	0	66
3	-1	26
2	-1	33
2	-1	25
2	-1	85
3	-1	47
2	-1	40
1	-1	28
1	-1	85
1	-1	84
3	-1	31
3	-1	40
0	0	86
0	0	86
0	0	86
2	-1	20
3	-1	22
3	-1	22
0	0	36
0	-1	86
0	-1	32
0	0	86
0	0	86
2	-1	32
2	-1	22
0	6	85
0	-1	86
2	-1	25
2	4	21
0	-1	23
0	8	85
2	-1	86
2	-1	25
0	-1	23
0	0	61
0	0	86
1	-1	24
5	-1	58
0	5	85
3	-1	23
0	-1	23
0	0	86
0	0	86
0	0	86
0	0	86
0	0	86
3	-1	85
2	5	22
1	-1	29
0	0	85
2	-1	27
1	-1	27
0	-1	24
3	5	20
2	-1	25
0	0	85
2	-1	24
0	-1	27
0	21	85
3	-1	24
3	-1	24
5	-1	86
2	-1	86
0	0	86
0	0	86
0	0	86
3	-1	41
6	-1	85
2	2	21
0	-1	86
3	5	20
2	-1	45
3	-1	45
2	5	20
8	-1	84
3	-1	24
0	7	85
0	7	85
0	0	86
0	-1	85
1	-1	21
1	-1	32
3	-1	30
3	8	20
0	-1	20
0	0	86
0	-1	27
0	0	85
3	-1	34
3	-1	44
0	0	86
1	-1	24
0	9	83
0	-1	85
6	-1	86
5	-1	63
6	-1	63
6	-1	32
3	-1	38
4	-1	25
0	0	75
1	-1	38
0	0	86
0	0	86
2	-1	24
1	-1	39
2	-1	25
0	6	84
0	-1	85
3	-1	41
1	-1	21
0	0	86
1	-1	24
0	0	86
0	-1	27
4	6	22
0	13	85
0	10	86
1	-1	33
2	-1	56
3	-1	56
0	5	85
1	-1	86
0	9	85
0	-1	86
0	-1	24
2	-1	23
3	-1	41
3	-1	36
1	-1	86
0	7	84
2	5	23
2	6	21
2	-1	20
1	-1	47
0	-1	31
5	-1	86
1	-1	42
0	0	86
0	0	86
0	0	86
0	0	86
0	0	86
1	7	20
0	0	86
0	-1	85
2	-1	23
4	-1	36
2	-1	22
2	2	20
2	-1	43
1	-1	73
0	-1	73
0	-1	20
0	-1	23
3	6	21
0	-1	86
0	-1	85
0	0	86
0	0	82
0	-1	85
0	-1	86
4	-1	39
4	-1	39
0	0	85
1	-1	85
0	-1	85
3	-1	85
1	-1	43
0	0	85
0	8	84
0	-1	86
4	-1	25
3	-1	39
2	-1	39
2	-1	21
0	-1	42
3	8	24
2	-1	27
1	-1	30
2	-1	24
0	-1	24
1	-1	24
2	-1	25
1	2	21
4	-1	86
3	-1	83
1	-1	23
3	-1	23
3	-1	28
3	-1	45
3	-1	45
3	-1	25
2	-1	32
0	-1	86
2	-1	32
0	-1	32
3	-1	31
2	-1	85
2	4	21
2	-1	27
3	-1	35
1	-1	24
0	0	86
15	-1	86
0	0	85
3	-1	28
0	4	85
3	-1	47
3	-1	47
3	-1	37
0	0	85
0	0	86
1	-1	33
0	0	86
0	-1	83
1	-1	86
0	-1	25
4	7	23
1	-1	47
9	-1	85
2	-1	42
2	-1	42
4	-1	23
0	0	85
3	-1	26
2	9	22
1	-1	22
2	-1	23
0	6	85
0	5	85
1	-1	20
0	0	84
2	5	23
1	-1	20
12	-1	86
3	-1	52
2	-1	30
4	-1	32
0	0	42
3	6	20
2	-1	26
3	6	20
2	-1	37
0	0	85
0	0	85
1	7	84
3	7	20
0	-1	84
0	8	85
0	-1	86
11	-1	84
3	-1	25
0	-1	86
0	0	86
4	-1	28
4	5	23
3	-1	33
5	-1	50
0	0	85
0	0	86
0	0	86
0	0	85
2	-1	26
0	-1	84
3	-1	46
0	0	86
6	-1	48
0	-1	85
1	-1	28
2	-1	28
2	4	20
2	-1	21
2	-1	24
3	-1	22
0	-1	85
0	-1	30
0	0	85
2	-1	25
3	-1	85
4	-1	36
3	-1	36
2	-1	32
2	-1	32
2	-1	34
3	-1	25
4	-1	85
4	-1	85
5	-1	45
5	-1	45
2	-1	41
1	-1	23
0	0	86
0	-1	21
3	-1	26
0	-1	85
1	-1	84
2	-1	22
1	-1	26
0	0	85
1	-1	44
0	7	86
0	-1	84
14	-1	85
10	-1	59
10	-1	59
1	-1	32
1	-1	32
2	-1	25
2	-1	32
2	-1	32
0	0	86
4	-1	22
0	0	86
2	4	22
1	-1	30
1	-1	22
2	-1	31
20	-1	85
2	-1	30
4	-1	37
3	-1	37
0	-1	35
1	-1	21
1	3	85
0	8	82
4	-1	86
4	8	20
3	-1	44
1	-1	73
0	-1	85
3	9	23
4	8	21
3	-1	39
2	-1	39
6	-1	42
6	-1	42
5	-1	33
3	7	23
1	-1	23
4	6	20
0	0	86
0	0	86
3	-1	21
1	-1	24
0	-1	32
2	-1	24
2	-1	26
0	0	86
0	-1	86
1	11	85
0	9	85
0	9	85
3	-1	27
0	0	86
2	-1	22
1	-1	25
4	-1	29
0	0	85
0	0	85
2	-1	35
3	-1	29
2	-1	31
1	-1	35
2	-1	35
1	-1	85
3	-1	38
3	-1	38
0	0	86
0	0	86
0	0	86
3	-1	32
1	-1	84
0	11	85
1	-1	84
5	-1	27
2	7	20
1	-1	86
0	2	20
1	-1	85
0	-1	85
1	12	85
1	4	20
0	0	85
5	-1	50
0	16	82
3	-1	86
1	5	21
0	8	84
0	8	86
1	-1	85
1	11	82
0	0	85
3	6	21
1	-1	20
4	7	22
2	6	21
0	-1	27
0	-1	27
2	-1	34
5	-1	24
1	-1	44
2	-1	33
0	0	85
2	-1	25
1	-1	39
0	0	85
1	-1	46
2	-1	46
0	-1	85
3	8	20
0	-1	84
1	-1	85
3	7	22
2	6	20
1	-1	35
1	-1	35
1	3	21
2	-1	20
2	-1	35
2	-1	24
0	0	86
0	0	86
3	-1	23
0	-1	27
0	-1	21
0	-1	86
0	9	86
3	-1	30
0	-1	82
4	-1	49
0	-1	22
0	-1	85
0	-1	86
0	0	86
7	-1	85
0	-1	86
1	-1	85
0	0	86
0	0	86
0	0	86
4	-1	86
3	-1	24
0	0	85
2	-1	47
0	-1	86
2	5	22
2	-1	24
2	-1	27
4	4	21
3	-1	86
5	-1	46
1	-1	20
3	6	23
6	-1	28
2	-1	29
1	-1	25
0	-1	26
0	-1	86
3	-1	86
1	-1	23
1	-1	26
1	6	25
0	6	85
2	4	20
0	0	86
0	0	86
0	0	86
0	0	86
0	0	86
6	-1	37
3	-1	85
1	-1	23
2	-1	28
1	14	82
1	-1	86
0	8	86
1	9	85
1	1	86
2	-1	28
2	-1	28
0	-1	85
3	-1	23
1	-1	86
1	-1	25
0	-1	25
19	-1	86
0	-1	23
1	10	85
1	-1	86
1	-1	25
4	-1	32
3	7	21
2	-1	85
2	-1	39
3	-1	39
0	-1	86
1	-1	86
1	-1	85
3	-1	33
1	-1	24
3	-1	33
1	-1	24
3	-1	39
0	-1	23
6	-1	86
2	-1	23
2	-1	23
0	0	86
0	0	86
0	0	86
0	0	86
1	-1	35
2	-1	35
1	-1	35
1	-1	85
3	6	20
1	-1	41
3	-1	44
3	-1	44
0	0	86
0	0	86
0	0	86
1	-1	22
3	-1	29
1	8	86
0	-1	81
2	-1	21
3	3	86
4	8	23
3	4	22
3	5	20
0	10	86
0	-1	86
1	-1	25
3	-1	32
2	-1	43
3	-1	28
1	-1	28
1	3	21
1	-1	29
1	-1	29
1	-1	85
0	0	85
4	-1	65
1	-1	22
2	-1	35
2	-1	35
3	-1	26
2	5	20
3	-1	46
3	-1	86
0	-1	86
0	-1	35
1	-1	86
0	10	86
2	6	21
2	-1	86
0	0	86
0	0	86
3	-1	48
0	0	86
0	0	86
0	0	86
1	-1	21
0	-1	23
2	-1	26
2	-1	41
5	-1	35
3	-1	84
1	-1	74
0	0	86
3	5	23
3	-1	31
2	-1	30
3	3	86
3	-1	27
1	1	86
3	-1	34
0	-1	34
0	-1	82
0	-1	86
0	12	86
0	-1	79
1	-1	22
4	6	20
4	6	20
1	-1	85
1	-1	34
1	1	86
5	-1	27
2	-1	24
2	-1	27
2	-1	24
2	-1	24
1	-1	26
2	-1	26
0	0	86
0	0	86
0	-1	86
1	-1	82
0	-1	61
0	0	86
5	-1	86
0	-1	85
2	-1	29
2	-1	29
1	-1	24
1	-1	21
2	7	20
0	0	86
1	-1	20
1	-1	23
0	0	85
1	-1	86
0	0	86
4	-1	85
2	-1	37
2	-1	37
0	-1	86
0	-1	85
0	11	86
2	-1	86
4	-1	85
0	-1	86
0	12	85
1	18	86
0	-1	86
1	8	85
0	-1	85
1	-1	68
0	-1	86
1	-1	81
0	-1	82
3	-1	36
3	4	21
1	-1	21
2	-1	27
1	-1	40
1	-1	42
1	-1	42
0	0	85
0	0	25
3	-1	25
3	-1	22
3	6	20
0	-1	74
0	7	74
0	0	85
3	-1	23
4	-1	85
0	-1	24
3	6	21
1	21	86
1	15	86
6	-1	84
13	-1	86
0	0	86
0	0	86
1	-1	27
1	-1	20
3	-1	23
3	-1	85
0	5	25
0	-1	83
0	0	52
0	-1	30
3	-1	32
0	-1	28
3	-1	28
2	-1	85
0	-1	86
3	-1	20
0	14	85
2	-1	25
3	6	20
0	0	86
0	-1	84
1	9	86
2	12	83
2	4	20
0	-1	22
1	-1	31
4	-1	27
5	-1	85
0	-1	83
0	-1	86
2	3	20
4	7	24
6	-1	31
2	-1	86
0	14	84
2	-1	24
2	5	20
0	0	56
3	8	20
1	-1	27
1	-1	39
0	0	86
0	0	86
3	-1	26
3	-1	45
4	-1	45
4	-1	27
3	-1	24
0	0	86
6	-1	84
1	7	85
2	5	22
1	5	20
1	-1	41
2	-1	41
2	5	20
3	-1	45
3	-1	45
0	-1	27
1	-1	31
1	-1	23
4	5	21
1	1	73
0	0	86
0	0	86
5	7	22
2	-1	22
3	-1	22
0	8	86
4	-1	36
0	-1	86
5	-1	27
0	-1	22
3	-1	25
2	-1	44
0	-1	85
0	-1	85
0	-1	85
4	8	23
2	-1	85
3	-1	53
3	-1	53
1	-1	32
0	0	86
0	-1	86
0	-1	28
0	-1	85
3	5	21
0	-1	85
0	-1	83
1	-1	21
7	-1	47
8	-1	47
0	-1	83
3	-1	81
6	-1	37
0	8	83
1	-1	84
0	0	86
2	3	22
0	0	86
0	0	86
2	-1	20
4	-1	29
1	41	86
1	9	86
2	-1	36
0	-1	86
4	-1	46
0	-1	84
0	-1	86
2	-1	84
0	-1	26
2	-1	45
0	-1	86
4	7	21
2	4	22
4	-1	28
2	-1	31
0	-1	21
2	-1	29
5	6	21
3	5	20
5	-1	32
4	-1	32
6	-1	86
3	-1	40
3	-1	40
0	-1	29
3	-1	35
0	0	86
1	-1	32
1	-1	23
0	-1	21
1	-1	26
0	-1	37
0	-1	27
0	-1	41
0	-1	85
0	-1	33
2	4	20
0	-1	22
0	0	84
2	-1	32
2	-1	32
2	-1	85
1	-1	34
0	0	73
0	0	86
3	-1	55
2	-1	55
0	-1	85
0	-1	40
0	0	85
4	4	22
0	-1	85
0	-1	84
1	-1	35
2	-1	35
0	-1	65
0	-1	84
0	-1	25
4	-1	86
0	-1	85
3	-1	23
2	-1	22
5	-1	52
2	-1	40
1	-1	40
3	-1	22
0	0	86
0	0	86
0	0	86
2	-1	37
2	-1	30
3	-1	25
3	-1	20
4	-1	84
1	-1	22
0	0	86
3	-1	27
10	-1	85
1	2	40
4	6	21
1	-1	32
4	8	21
2	7	20
3	-1	37
3	-1	37
3	-1	26
1	-1	40
1	5	20
1	-1	84
0	0	86
0	0	86
2	-1	26
3	-1	27
3	-1	85
0	0	86
0	0	86
0	0	81
1	4	22
5	-1	67
5	-1	67
0	0	85
5	7	24
0	6	21
4	6	20
1	-1	36
6	-1	84
0	9	85
18	-1	85
4	-1	24
0	-1	26
0	-1	26
0	-1	21
1	3	20
1	-1	25
0	-1	23
0	0	86
3	-1	25
0	0	86
8	-1	86
1	-1	22
2	-1	34
3	-1	24
0	-1	38
0	-1	27
3	4	84
1	-1	21
2	-1	34
0	-1	25
3	-1	24
2	-1	21
1	-1	23
2	-1	26
0	-1	84
15	-1	77
0	0	86
0	8	84
0	-1	21
2	-1	35
2	-1	35
3	-1	52
0	-1	22
4	-1	86
3	-1	31
3	-1	85
0	-1	85
4	-1	85
4	-1	85
2	-1	23
2	-1	28
1	-1	22
1	1	65
1	11	83
1	-1	34
4	-1	24
4	-1	86
2	-1	34
1	-1	28
1	-1	28
2	3	21
0	0	84
0	0	86
0	0	83
0	-1	20
4	-1	35
2	-1	39
1	-1	39
2	-1	46
3	-1	28
5	8	24
2	-1	27
0	-1	85
2	-1	37
1	-1	37
3	-1	41
0	9	84
0	-1	86
1	-1	86
1	-1	30
0	-1	27
3	-1	25
0	0	86
0	0	86
0	12	84
0	0	86
0	0	86
0	0	86
3	-1	51
0	0	45
0	0	85
2	-1	21
0	-1	84
1	-1	86
11	-1	85
2	-1	21
3	6	21
4	-1	33
4	-1	25
0	0	86
4	-1	86
0	0	86
0	21	86
0	8	86
0	11	84
3	-1	30
0	-1	84
0	-1	85
0	-1	86
0	-1	20
0	-1	86
3	-1	23
5	9	20
1	-1	35
5	-1	28
4	6	24
2	6	20
3	-1	85
4	9	26
0	-1	80
4	6	20
2	-1	85
2	-1	36
3	-1	33
2	-1	33
0	10	86
0	-1	86
0	0	86
0	0	86
1	-1	37
1	-1	37
0	-1	84
0	-1	86
3	-1	22
2	-1	86
3	-1	32
3	-1	29
5	-1	51
0	11	85
0	9	86
0	0	85
1	-1	23
0	0	86
4	-1	85
0	0	85
0	0	86
0	27	85
2	-1	22
1	3	20
0	-1	26
3	-1	25
0	-1	85
4	5	20
4	-1	41
1	-1	21
1	-1	22
0	0	86
1	-1	85
7	-1	33
4	-1	22
2	-1	28
0	-1	85
4	8	23
4	-1	28
7	-1	42
0	0	86
0	0	86
0	0	86
2	-1	22
3	-1	43
3	-1	43
3	-1	28
1	4	21
1	-1	85
4	-1	85
0	-1	29
1	-1	28
0	-1	23
0	-1	23
2	6	21
7	-1	31
5	-1	31
0	-1	24
2	-1	30
2	-1	25
1	2	20
1	-1	85
1	-1	23
1	-1	31
0	14	86
1	10	85
2	-1	42
7	-1	28
0	0	86
0	-1	26
1	-1	26
2	-1	38
2	-1	85
3	-1	27
3	-1	28
0	0	86
2	3	20
0	0	82
1	-1	85
1	-1	23
2	-1	86
0	0	85
1	-1	22
0	-1	85
0	17	85
3	5	25
2	5	21
2	-1	23
4	-1	85
3	4	21
0	0	86
1	-1	32
1	-1	23
0	0	86
0	0	86
0	-1	85
11	-1	84
4	-1	24
0	8	86
4	6	20
0	-1	22
2	-1	29
0	0	86
3	-1	85
0	0	86
0	0	86
0	0	86
0	0	86
0	0	86
5	-1	85
2	2	32
2	-1	21
1	-1	86
1	-1	86
2	-1	34
1	2	85
5	-1	54
2	-1	86
1	-1	21
4	4	20
0	-1	85
2	5	20
3	-1	51
1	-1	25
2	-1	25
2	-1	23
0	-1	86
5	-1	86
0	0	86
2	4	22
3	-1	28
1	-1	85
0	-1	25
0	0	86
16	-1	85
0	-1	86
2	-1	44
2	-1	86
0	0	85
0	-1	85
0	0	83
4	-1	41
0	2	20
1	-1	31
1	-1	27
2	-1	40
2	-1	40
2	-1	31
1	-1	45
1	-1	45
3	4	20
2	-1	49
1	-1	25
5	-1	58
4	-1	23
3	-1	26
3	-1	32
2	-1	24
3	-1	24
2	-1	21
0	-1	86
1	-1	23
1	-1	82
2	-1	85
2	2	23
2	-1	86
2	-1	36
5	-1	30
2	-1	38
1	-1	25
1	-1	25
1	-1	32
6	-1	85
2	-1	85
3	-1	43
2	-1	85
1	-1	85
1	-1	86
0	-1	86
0	-1	85
1	-1	86
1	-1	36
0	-1	27
0	-1	27
3	-1	52
2	-1	29
3	5	20
0	-1	85
0	-1	85
0	10	85
2	-1	86
2	-1	43
2	5	20
2	5	20
3	-1	30
3	-1	30
7	-1	71
0	0	86
0	0	86
0	0	86
0	0	86
0	0	86
0	0	86
0	0	86
6	-1	41
0	-1	21
5	-1	32
0	-1	86
0	4	84
0	-1	35
1	5	20
0	-1	25
3	-1	86
0	-1	86
7	-1	39
1	-1	28
3	-1	85
2	-1	28
1	-1	28
3	-1	42
3	-1	43
3	-1	86
0	0	86
0	0	86
0	0	86
0	0	86
0	0	86
2	-1	25
3	-1	26
4	-1	46
3	-1	46
2	4	21
7	-1	39
1	-1	86
2	-1	85
1	-1	26
5	-1	41
1	-1	27
0	-1	86
3	3	20
1	-1	22
1	1	85
0	-1	84
0	-1	86
0	0	86
0	0	86
0	-1	85
3	-1	37
3	-1	37
0	-1	22
1	-1	28
0	0	86
5	-1	86
4	-1	86
3	-1	26
0	-1	85
0	11	84
2	-1	27
1	-1	23
1	-1	43
2	-1	26
2	-1	44
1	-1	86
0	10	86
2	6	21
0	0	86
3	1	22
3	-1	45
0	-1	85
0	-1	86
1	-1	85
0	-1	51
0	-1	86
0	12	84
0	7	86
1	-1	85
0	0	85
2	-1	27
0	-1	85
3	-1	25
2	-1	27
5	-1	85
0	-1	86
0	-1	85
4	-1	29
0	-1	85
2	-1	32
1	-1	34
1	-1	22
2	-1	23
0	0	85
1	-1	35
4	-1	85
5	5	23
6	8	22
0	-1	85
0	-1	85
1	-1	25
6	-1	72
2	-1	85
2	-1	22
0	0	86
0	8	86
0	0	85
1	-1	20
0	-1	85
0	-1	80
0	-1	85
3	-1	32
0	-1	86
0	-1	85
0	0	86
0	0	86
14	-1	84
1	-1	41
1	-1	41
0	-1	28
2	-1	22
0	9	85
1	-1	21
1	6	22
3	3	20
7	-1	85
0	-1	40
0	-1	40
2	-1	27
2	3	20
0	-1	25
3	-1	33
0	0	86
0	0	86
1	-1	34
2	-1	24
3	-1	85
0	10	85
0	3	83
3	-1	28
2	-1	31
2	-1	31
0	-1	84
0	-1	28
0	0	86
0	-1	29
2	-1	27
1	-1	23
2	3	50
0	-1	85
0	-1	84
1	-1	22
0	-1	85
0	-1	86
4	9	21
1	-1	24
4	7	20
0	7	86
4	-1	30
2	-1	30
0	-1	34
0	-1	27
3	-1	86
0	1	85
0	-1	85
0	-1	85
0	-1	29
1	-1	24
0	-1	85
1	-1	86
0	-1	22
2	5	20
14	-1	81
0	-1	22
4	-1	40
2	-1	25
4	-1	23
2	-1	86
1	-1	29
4	-1	85
3	-1	85
3	-1	33
4	-1	22
1	1	86
1	-1	85
1	1	81
0	0	85
1	8	85
0	11	85
1	-1	23
9	-1	83
1	7	85
0	0	86
0	0	86
2	-1	86
0	0	86
0	-1	22
2	-1	86
1	-1	84
0	-1	86
0	10	86
0	0	85
3	-1	28
1	-1	29
0	-1	26
1	-1	26
3	9	26
0	0	86
0	0	86
0	-1	26
0	-1	20
0	-1	85
0	10	84
5	10	26
0	0	86
1	1	86
3	-1	33
5	-1	33
0	0	85
1	-1	22
1	-1	21
2	4	20
0	0	85
1	-1	86
0	-1	85
0	-1	24
3	-1	34
3	-1	86
2	-1	29
2	-1	31
1	-1	22
0	-1	84
2	-1	86
0	0	85
2	-1	46
2	-1	25
0	0	86
3	-1	28
4	-1	27
3	-1	42
1	-1	22
0	-1	84
1	-1	85
5	8	22
1	-1	86
0	-1	22
19	-1	85
2	-1	23
0	-1	83
0	-1	86
2	3	20
0	0	86
4	-1	86
1	6	85
2	-1	86
1	-1	24
2	5	85
0	0	86
1	0	86
1	-1	20
0	-1	85
2	-1	28
1	-1	24
3	6	20
0	-1	26
2	-1	44
0	7	85
0	-1	31
3	-1	25
1	-1	22
0	0	50
3	-1	28
0	0	85
0	-1	84
0	-1	85
8	-1	36
2	-1	30
3	-1	25
2	-1	36
3	-1	36
0	-1	84
1	-1	85
3	-1	26
1	6	22
5	-1	23
0	-1	20
2	-1	47
3	-1	37
2	-1	21
1	-1	85
1	-1	24
4	-1	85
2	-1	24
2	-1	86
2	9	86
3	4	20
1	-1	35
1	5	22
0	-1	85
0	-1	85
0	0	85
0	-1	84
0	5	86
0	-1	85
0	0	76
3	-1	50
2	-1	26
4	-1	85
4	-1	33
3	-1	33
2	-1	28
4	-1	29
1	-1	22
1	2	85
8	-1	37
8	-1	37
0	-1	85
2	-1	26
2	-1	40
0	9	86
0	-1	85
0	0	85
1	-1	21
2	-1	21
1	-1	22
2	2	21
0	-1	85
1	-1	28
3	-1	22
4	-1	85
3	-1	42
0	0	85
2	-1	26
1	-1	21
0	0	85
1	-1	26
2	4	22
0	0	86
0	0	86
0	0	86
0	0	86
4	-1	35
5	-1	35
5	-1	34
0	5	82
1	-1	85
2	-1	22
0	8	84
0	13	86
1	-1	47
0	0	86
2	5	20
2	-1	34
0	0	78
2	5	23
4	-1	23
0	-1	21
2	-1	21
3	8	27
0	-1	23
1	-1	24
4	-1	39
6	10	23
2	-1	26
3	-1	23
0	0	86
2	3	85
5	6	21
0	0	86
0	0	86
0	-1	33
0	0	85
4	-1	85
3	-1	41
1	-1	41
0	0	85
0	0	86
0	0	86
0	0	86
0	0	86
2	4	21
5	-1	85
1	-1	23
0	-1	86
1	-1	82
2	-1	21
2	-1	23
0	0	86
7	-1	78
2	-1	26
3	-1	61
2	-1	38
3	-1	38
2	7	22
3	-1	24
1	-1	85
3	-1	58
1	-1	85
3	-1	25
0	2	20
1	-1	62
1	4	20
2	-1	86
4	-1	59
3	-1	46
3	-1	46
3	-1	62
3	-1	62
0	0	86
0	0	86
0	0	86
0	0	86
0	-1	83
0	-1	86
4	-1	60
3	8	23
0	-1	84
0	-1	85
3	7	20
0	-1	86
0	0	85
4	-1	85
10	-1	86
0	-1	86
0	-1	27
3	-1	50
4	-1	50
0	0	85
0	-1	85
0	-1	85
0	-1	85
1	-1	21
6	-1	85
4	-1	31
0	0	20
2	-1	29
2	-1	29
3	-1	29
4	6	21
0	-1	82
3	-1	22
3	-1	26
2	-1	26
3	-1	23
2	-1	43
3	-1	38
2	-1	33
0	-1	83
0	0	85
0	11	83
0	0	86
1	3	20
1	1	85
0	1	86
1	-1	86
1	-1	34
0	8	85
0	-1	85
4	-1	85
3	-1	25
0	9	86
0	19	86
1	3	85
0	7	84
1	16	86
1	-1	84
0	8	86
0	0	85
0	0	86
0	0	86
0	0	86
3	6	24
1	-1	24
3	-1	55
1	-1	21
1	-1	24
3	-1	24
0	-1	84
0	5	85
0	0	86
0	0	86
6	8	26
3	3	85
2	4	20
2	-1	86
1	-1	23
0	18	86
3	-1	32
4	-1	32
4	6	24
5	-1	26
3	6	21
2	-1	22
0	0	85
7	-1	54
7	-1	54
1	6	22
0	-1	84
1	-1	86
6	-1	81
0	-1	85
0	4	86
0	4	84
0	-1	85
0	9	84
0	0	86
0	0	86
4	-1	30
0	-1	34
3	-1	28
3	-1	36
2	-1	36
5	-1	34
5	-1	34
2	-1	23
2	-1	23
1	-1	31
2	-1	46
2	-1	36
0	-1	25
0	0	85
0	-1	25
3	-1	28
3	-1	28
2	-1	25
2	2	22
1	-1	85
0	-1	82
3	-1	25
0	-1	24
2	2	85
0	-1	36
4	-1	52
0	0	85
1	-1	22
0	0	85
0	-1	84
0	-1	85
0	-1	81
3	-1	34
2	-1	22
1	1	85
1	-1	86
2	-1	30
2	-1	38
2	-1	38
4	-1	65
0	-1	86
1	1	86
3	4	21
3	-1	24
1	-1	34
0	0	86
2	-1	23
0	-1	28
7	-1	34
3	-1	27
1	-1	84
0	0	86
0	0	86
0	0	86
0	-1	85
0	-1	84
1	13	85
1	-1	36
0	0	86
0	0	86
3	-1	85
9	-1	85
1	-1	85
1	11	86
1	-1	86
2	-1	24
3	-1	23
4	-1	85
7	-1	86
3	-1	26
0	0	85
2	-1	35
0	0	86
3	-1	22
2	-1	27
0	0	85
0	0	82
2	3	22
3	-1	40
3	-1	38
1	1	86
1	-1	24
2	-1	85
5	10	26
1	2	21
0	-1	83
2	-1	26
0	0	83
2	-1	24
4	-1	23
2	-1	26
3	-1	85
0	-1	31
1	-1	31
2	-1	23
0	0	86
1	-1	22
2	-1	30
6	-1	86
0	-1	85
1	-1	84
3	-1	41
0	0	85
1	-1	86
1	2	83
5	-1	27
1	-1	24
4	-1	30
3	-1	20
19	-1	85
0	-1	48
0	0	85
0	-1	86
0	-1	83
0	0	85
6	-1	62
3	6	22
1	-1	20
1	-1	21
0	-1	80
0	10	84
0	0	86
0	0	86
0	0	86
0	0	86
0	9	86
0	8	85
5	-1	85
2	-1	22
3	-1	36
3	7	21
2	-1	25
1	-1	36
0	-1	36
4	-1	37
2	-1	36
4	-1	35
0	-1	23
1	-1	23
2	-1	21
0	0	86
1	6	20
0	-1	56
0	12	84
2	-1	23
3	-1	28
0	-1	32
4	8	22
1	-1	31
0	0	85
0	0	86
7	-1	53
6	-1	53
0	0	86
0	0	85
10	-1	85
1	-1	26
0	0	86
0	0	86
0	0	86
6	-1	85
2	-1	86
0	-1	86
0	0	71
5	-1	35
2	-1	21
1	-1	54
2	-1	44
3	-1	44
0	0	86
4	-1	42
6	-1	42
0	0	86
0	0	86
0	0	86
0	0	86
4	-1	41
4	-1	41
3	-1	37
3	-1	37
4	-1	85
0	-1	85
0	-1	83
1	-1	22
4	-1	73
5	-1	34
3	-1	34
0	-1	23
5	-1	33
0	0	85
1	-1	24
2	-1	23
3	5	22
2	-1	44
4	-1	26
0	0	85
2	-1	86
0	9	85
3	-1	35
7	-1	47
6	-1	43
6	-1	56
5	-1	38
8	-1	52
6	-1	48
5	-1	84
5	-1	44
7	-1	50
5	-1	44
1	-1	36
2	-1	36
0	0	40
0	13	86
0	0	86
0	0	86
6	-1	86
4	-1	39
2	-1	25
3	-1	26
0	0	86
2	-1	86
0	10	84
0	0	85
2	3	21
1	-1	26
0	0	86
0	0	82
2	-1	42
3	-1	45
4	-1	45
3	-1	35
0	0	85
4	-1	29
4	-1	29
5	-1	50
5	-1	42
1	-1	43
4	-1	49
4	-1	49
0	1	20
0	0	86
0	0	86
0	0	85
0	0	86
1	-1	43
2	-1	49
3	4	21
0	-1	86
0	-1	84
0	-1	85
2	3	21
10	-1	84
1	-1	23
2	-1	23
4	-1	25
3	7	23
2	7	20
3	-1	23
2	-1	22
0	-1	21
1	-1	85
9	-1	81
0	4	31
6	-1	28
4	-1	34
4	-1	26
1	1	82
3	-1	26
3	6	21
6	-1	85
1	1	79
0	-1	85
2	6	21
1	-1	23
0	-1	85
0	-1	85
2	-1	40
0	0	86
0	0	86
3	-1	85
0	-1	20
4	5	22
3	-1	50
3	-1	40
4	-1	28
2	-1	28
5	8	21
4	8	27
2	-1	25
3	6	23
1	-1	40
1	-1	28
0	0	86
0	0	86
0	0	86
0	1	86
0	1	86
0	1	86
0	1	86
0	1	86
0	1	86
0	1	85
3	-1	85
1	-1	43
0	-1	33
0	-1	86
2	-1	21
4	14	84
1	-1	85
2	-1	34
2	-1	34
2	-1	24
2	-1	39
2	-1	39
0	0	86
0	0	86
3	8	21
2	-1	35
4	7	21
5	-1	74
5	-1	74
3	7	22
3	8	23
0	2	23
6	-1	41
0	0	85
0	-1	85
1	5	22
1	-1	43
1	-1	43
2	-1	84
0	-1	25
2	-1	39
1	-1	33
2	-1	44
6	-1	61
4	-1	32
2	-1	34
0	-1	85
0	11	84
1	-1	28
0	-1	85
2	-1	85
0	-1	83
2	-1	25
3	-1	25
2	-1	23
3	-1	26
0	0	86
3	-1	33
0	-1	85
3	-1	40
6	-1	74
0	0	57
2	-1	32
0	-1	22
3	-1	34
0	-1	23
1	-1	23
2	6	22
0	-1	22
0	0	29
1	-1	25
4	-1	39
2	5	21
0	-1	36
1	-1	36
0	0	85
4	-1	32
5	-1	32
1	-1	24
1	-1	24
4	-1	86
0	0	35
3	-1	29
5	-1	36
5	-1	29
0	-1	25
7	-1	86
3	-1	25
1	-1	36
0	-1	35
1	-1	35
4	-1	86
0	-1	86
0	-1	85
0	12	86
1	-1	21
0	0	81
0	8	85
0	4	86
0	0	86
1	-1	86
4	-1	26
0	0	86
3	-1	24
0	0	23
3	-1	27
4	-1	26
4	-1	23
3	-1	85
1	-1	86
0	12	85
2	-1	38
0	-1	21
2	-1	24
3	6	20
2	-1	24
4	7	23
0	0	30
5	-1	85
0	-1	85
0	-1	31
1	-1	31
4	-1	27
2	5	21
0	0	85
1	-1	85
1	3	85
6	-1	85
1	-1	38
3	-1	86
2	-1	21
1	-1	33
0	0	45
2	-1	24
0	-1	26
1	-1	26
1	-1	22
2	-1	25
1	-1	24
2	-1	32
2	-1	85
0	0	86
0	0	48
0	-1	21
3	-1	29
1	-1	21
0	0	86
0	0	86
1	3	21
0	-1	85
1	-1	41
1	-1	41
1	-1	82
2	-1	45
3	-1	45
2	-1	23
1	-1	28
1	-1	28
4	-1	26
2	-1	33
3	-1	33
0	0	86
1	-1	23
0	0	86
0	0	86
0	0	86
4	-1	85
0	-1	85
0	8	86
0	-1	83
3	-1	50
0	-1	22
0	-1	86
1	-1	86
0	0	86
3	-1	33
1	-1	35
4	7	24
2	-1	24
3	-1	86
2	4	85
12	-1	82
1	-1	81
1	-1	23
5	-1	29
0	-1	35
0	-1	35
1	-1	22
0	-1	84
1	-1	85
0	-1	85
0	0	85
0	-1	40
4	-1	85
0	-1	85
0	-1	84
2	3	21
1	-1	85
4	7	23
3	5	20
6	-1	35
1	3	20
2	-1	86
0	-1	86
1	-1	31
0	-1	83
0	10	84
2	10	84
0	12	83
3	-1	20
0	0	86
6	-1	37
1	-1	29
2	-1	35
2	-1	35
0	-1	85
0	0	85
0	-1	85
2	-1	27
2	4	85
1	-1	32
0	-1	27
1	-1	23
0	-1	33
0	0	86
0	0	86
0	0	86
0	0	86
2	-1	32
1	-1	40
0	-1	40
2	-1	24
2	-1	30
1	-1	32
1	-1	32
3	-1	23
2	3	20
0	-1	34
3	-1	39
3	-1	39
3	-1	85
3	-1	85
4	7	24
0	7	83
0	0	85
4	-1	57
4	-1	57
1	-1	24
4	8	23
0	0	86
0	0	86
1	-1	86
2	-1	25
3	-1	85
0	0	85
0	-1	86
2	-1	86
5	-1	24
1	-1	86
4	6	20
3	-1	57
2	-1	39
4	-1	39
0	9	86
0	-1	86
0	0	86
0	0	86
0	0	86
3	-1	45
2	-1	40
1	-1	20
1	2	85
2	4	22
0	-1	29
3	-1	74
4	-1	74
1	-1	31
1	-1	32
1	-1	32
0	-1	33
0	-1	28
0	-1	27
0	9	86
0	0	86
2	-1	25
0	0	85
0	0	86
0	-1	27
1	-1	27
4	-1	30
2	-1	25
1	-1	25
3	-1	30
2	-1	24
0	-1	85
1	-1	86
0	20	83
0	-1	84
1	-1	27
6	-1	64
6	-1	28
1	-1	35
8	-1	86
2	-1	27
2	-1	27
2	-1	35
2	7	22
3	-1	42
3	-1	41
3	-1	51
4	-1	51
0	0	86
0	0	86
6	-1	30
3	-1	33
2	-1	33
0	0	86
0	0	85
3	-1	26
3	-1	51
3	-1	32
2	-1	85
2	-1	85
2	-1	85
2	-1	85
2	-1	85
2	-1	85
2	3	22
3	-1	84
4	-1	27
3	-1	27
1	-1	38
0	0	86
0	0	86
0	0	85
4	-1	24
1	1	85
1	-1	86
0	-1	86
2	-1	24
2	-1	28
3	-1	28
2	-1	21
2	-1	30
3	-1	37
0	13	85
3	-1	36
3	-1	36
0	-1	85
0	0	86
5	-1	48
2	-1	35
0	-1	85
6	-1	77
3	-1	49
0	-1	40
0	-1	25
0	-1	40
1	8	21
1	-1	86
0	-1	85
2	-1	83
4	5	20
2	-1	56
2	-1	56
3	-1	28
1	-1	30
0	11	86
0	-1	86
2	6	22
3	-1	40
1	-1	38
0	0	86
0	0	85
0	0	85
0	-1	20
0	0	85
0	0	86
2	-1	25
1	1	86
1	5	20
3	-1	37
1	1	85
4	-1	34
0	0	86
5	-1	57
5	-1	57
0	12	86
1	-1	85
1	-1	29
1	-1	85
6	-1	64
1	-1	33
1	-1	24
2	-1	34
0	0	86
0	0	86
1	-1	22
6	-1	32
0	-1	85
0	-1	85
0	-1	20
0	-1	21
5	9	21
1	7	22
3	-1	36
2	-1	36
0	-1	86
1	-1	84
0	-1	85
4	-1	85
0	-1	85
2	-1	32
3	-1	86
2	4	20
3	-1	28
3	-1	28
1	-1	32
0	-1	47
3	-1	21
2	-1	86
0	-1	85
3	-1	31
2	-1	31
3	-1	28
1	-1	84
0	-1	23
1	-1	24
2	5	20
0	13	86
0	-1	85
5	-1	54
0	-1	85
0	0	86
0	-1	33
1	-1	31
3	-1	86
0	0	84
5	-1	84
0	-1	27
4	8	24
2	-1	34
2	6	22
3	-1	25
6	-1	61
7	-1	61
1	3	20
3	-1	23
0	-1	86
2	6	20
0	7	86
0	10	86
3	-1	29
3	6	23
0	-1	86
0	-1	75
0	-1	40
0	-1	21
1	-1	23
3	6	20
2	-1	24
1	-1	48
4	9	23
2	-1	26
0	-1	27
4	6	21
1	-1	20
0	10	86
0	12	86
1	7	85
2	-1	85
0	-1	85
2	-1	85
5	-1	49
3	-1	29
0	0	84
0	-1	85
0	11	86
4	-1	37
4	-1	37
6	-1	27
3	-1	29
3	-1	29
2	-1	34
1	-1	34
0	0	85
1	-1	59
6	8	24
4	-1	45
0	3	21
2	-1	21
0	0	85
3	-1	36
2	-1	28
2	6	20
1	-1	24
4	-1	25
2	-1	23
0	-1	26
1	-1	23
2	-1	23
1	-1	33
3	-1	44
2	-1	28
6	-1	48
1	-1	26
3	-1	36
2	-1	85
3	-1	26
0	0	86
9	-1	86
3	3	23
2	-1	26
0	-1	85
3	7	21
2	-1	50
2	4	21
2	-1	85
2	-1	25
1	3	20
1	-1	20
3	6	22
1	-1	36
1	-1	26
3	8	22
1	-1	33
0	-1	33
1	-1	26
0	-1	29
4	-1	82
1	-1	63
0	-1	63
0	-1	22
2	-1	36
3	-1	32
3	-1	32
3	-1	25
0	-1	85
3	-1	85
2	-1	26
1	1	86
1	-1	84
0	-1	34
1	-1	21
1	-1	22
1	-1	41
0	-1	75
0	-1	85
0	-1	86
2	-1	84
5	-1	80
3	-1	27
0	0	86
1	-1	22
1	-1	24
1	-1	86
5	9	24
2	-1	85
3	-1	42
3	-1	33
4	-1	43
4	-1	43
2	3	21
1	-1	22
1	-1	84
5	10	24
0	-1	82
5	-1	51
0	-1	84
3	-1	85
5	-1	31
2	-1	21
0	0	86
3	-1	20
3	-1	25
0	0	86
1	-1	22
2	7	22
3	-1	24
4	-1	85
0	-1	35
6	-1	84
0	-1	31
12	-1	85
1	2	20
4	-1	27
3	-1	28
0	-1	21
2	-1	26
1	-1	27
3	5	20
2	6	22
2	-1	37
2	-1	37
6	-1	27
0	0	86
0	0	86
2	5	20
4	-1	30
1	-1	23
5	-1	48
0	-1	24
2	-1	85
0	-1	36
3	-1	26
2	6	21
1	9	85
0	0	86
2	-1	24
0	-1	85
2	-1	31
1	-1	31
0	-1	85
2	-1	26
5	-1	34
5	7	21
4	7	23
0	0	85
0	12	84
0	6	86
3	-1	42
5	11	27
5	-1	86
2	-1	24
2	-1	29
2	-1	30
1	-1	30
0	-1	35
5	-1	37
6	-1	37
3	-1	27
3	-1	29
3	-1	29
1	3	21
3	-1	27
3	4	20
2	-1	28
1	4	85
5	-1	86
2	-1	28
1	-1	28
2	-1	20
0	-1	22
0	19	85
0	0	36
1	-1	85
0	-1	20
2	-1	21
1	-1	85
1	-1	53
2	-1	85
6	-1	30
3	-1	31
2	-1	23
0	-1	22
1	-1	86
0	-1	85
0	0	85
1	2	22
3	-1	33
2	-1	85
0	9	85
0	8	85
1	-1	20
1	-1	22
0	0	86
1	-1	84
0	0	86
0	-1	86
0	3	85
0	-1	84
0	-1	85
7	-1	51
7	-1	84
4	4	22
3	-1	22
5	-1	26
5	-1	26
1	-1	85
2	-1	25
3	-1	42
1	-1	30
1	-1	30
4	-1	25
0	0	85
1	-1	24
1	-1	24
0	-1	85
0	0	85
4	7	21
2	-1	27
2	-1	45
1	-1	45
2	-1	33
3	9	22
0	-1	25
0	-1	32
0	0	86
1	-1	86
0	11	86
4	5	20
0	-1	83
2	-1	25
3	-1	25
2	7	20
1	-1	26
2	1	21
4	-1	35
4	-1	35
2	14	85
1	-1	20
0	0	85
0	-1	86
0	-1	30
0	-1	30
0	0	42
1	-1	24
3	-1	25
0	-1	33
0	-1	33
4	-1	35
3	-1	35
2	4	20
1	-1	27
4	8	23
4	-1	25
5	-1	25
2	-1	32
4	-1	28
3	5	22
1	-1	29
0	-1	25
0	0	86
2	-1	22
1	3	20
2	-1	25
5	-1	32
1	-1	21
5	-1	25
0	9	86
1	-1	86
0	15	86
1	7	85
0	20	86
0	-1	43
1	9	85
0	-1	85
0	20	85
1	11	86
0	-1	86
0	-1	85
0	11	85
1	-1	85
2	8	86
0	6	86
0	-1	86
1	-1	85
0	-1	85
4	-1	86
2	7	86
0	7	85
2	-1	66
0	-1	86
0	13	85
1	-1	58
0	11	85
1	11	85
0	16	85
0	-1	85
0	-1	85
0	8	85
0	8	86
0	-1	84
0	-1	85
2	-1	82
0	-1	84
0	11	85
0	-1	85
0	-1	85
0	-1	85
1	-1	86
2	-1	86
1	-1	85
0	11	85
0	-1	84
0	-1	86
0	8	84
0	-1	86
0	11	85
0	8	80
2	7	86
1	12	85
0	-1	86
1	-1	86
0	-1	83
0	-1	85
0	11	85
1	-1	84
0	7	84
0	-1	86
0	10	85
0	-1	85
0	-1	85
1	-1	84
0	-1	85
0	-1	85
0	-1	54
1	-1	63
3	4	20
0	-1	85
2	5	22
1	-1	24
3	-1	40
2	5	20
3	-1	31
4	-1	65
5	-1	65
4	-1	29
1	-1	32
0	-1	26
0	-1	26
0	-1	30
0	-1	83
4	-1	28
4	-1	28
3	-1	65
4	-1	65
1	-1	30
2	-1	24
7	-1	70
6	-1	70
5	-1	84
0	-1	22
0	-1	86
0	-1	86
4	-1	26
1	-1	23
0	-1	84
0	6	85
1	-1	86
0	-1	83
1	-1	28
1	-1	32
0	8	85
0	-1	86
3	-1	25
4	-1	30
1	-1	29
2	-1	32
2	-1	32
9	-1	84
3	-1	26
1	-1	29
2	-1	45
0	14	85
0	-1	84
3	-1	33
5	-1	33
6	-1	25
4	-1	29
3	-1	42
4	-1	28
0	1	85
3	-1	24
3	7	22
1	-1	35
1	-1	35
2	-1	32
3	-1	39
2	-1	26
3	-1	26
4	8	21
4	-1	86
2	-1	25
2	-1	32
1	-1	84
2	-1	27
0	2	23
1	-1	80
1	-1	48
0	0	86
0	22	85
0	-1	85
2	4	21
0	-1	85
0	6	86
0	-1	84
1	1	26
3	-1	22
2	-1	80
2	-1	22
1	-1	86
0	-1	84
3	-1	26
0	-1	86
0	12	86
0	-1	36
0	0	86
2	-1	34
2	-1	25
2	-1	25
3	-1	21
0	-1	86
0	0	86
5	-1	49
7	-1	42
3	-1	85
0	-1	85
8	9	31
2	-1	39
2	-1	26
1	-1	20
0	0	86
0	0	86
1	-1	86
0	0	86
3	-1	33
4	-1	33
2	-1	22
0	-1	85
0	0	85
5	-1	84
3	-1	85
3	7	21
3	-1	30
3	-1	86
0	12	86
3	-1	23
6	-1	85
2	5	23
0	-1	84
1	-1	45
1	-1	36
3	8	21
0	0	86
3	-1	42
3	-1	42
2	-1	28
3	-1	43
0	-1	84
3	-1	24
2	3	22
1	1	86
3	-1	36
3	-1	36
2	-1	23
1	-1	27
1	-1	28
0	0	86
1	-1	27
0	-1	86
0	0	86
21	-1	85
5	-1	55
4	4	21
1	2	20
2	-1	22
3	-1	28
1	-1	32
4	-1	85
2	-1	85
0	0	85
1	1	86
0	-1	84
2	-1	83
14	-1	85
2	-1	27
4	-1	30
1	-1	75
0	-1	85
4	-1	36
1	3	20
3	-1	47
1	-1	22
3	-1	45
0	7	86
0	7	85
6	-1	60
0	-1	23
2	-1	21
1	23	86
1	-1	86
2	-1	42
2	-1	23
4	-1	27
13	-1	85
0	0	83
1	-1	31
3	5	20
1	-1	27
0	0	33
4	-1	27
0	0	85
0	0	86
0	0	86
4	8	22
2	-1	23
1	-1	35
0	0	86
0	-1	85
0	-1	85
1	-1	21
0	-1	85
0	11	86
1	-1	44
1	-1	44
3	-1	30
0	0	36
1	-1	25
3	-1	86
1	-1	86
2	-1	86
0	0	86
0	0	86
1	-1	21
1	-1	22
0	-1	27
0	0	85
6	-1	63
0	-1	32
1	-1	86
0	-1	84
3	-1	31
0	0	86
0	0	86
0	0	86
0	0	86
3	-1	85
0	-1	80
0	-1	85
2	-1	32
1	-1	36
1	-1	36
0	8	86
4	-1	34
3	-1	23
5	-1	59
4	-1	59
1	-1	22
1	-1	23
2	-1	31
2	-1	32
1	-1	32
2	-1	26
0	-1	29
1	-1	31
1	-1	32
0	-1	86
0	-1	85
5	-1	28
0	0	85
3	-1	41
2	-1	21
1	12	85
1	4	20
0	-1	29
1	-1	24
0	0	86
5	-1	86
3	-1	85
2	-1	85
3	-1	78
2	-1	85
2	-1	85
2	-1	85
2	-1	85
2	-1	83
6	-1	85
3	-1	85
5	-1	85
2	-1	85
2	-1	66
3	-1	85
5	-1	85
4	-1	35
0	0	81
3	-1	86
4	-1	35
0	-1	76
4	-1	25
16	-1	86
2	-1	21
5	-1	75
4	9	22
0	-1	83
0	6	86
3	-1	43
1	-1	25
1	6	21
2	-1	85
3	-1	86
0	-1	84
5	-1	86
0	0	86
0	3	21
3	-1	86
3	-1	42
3	-1	42
2	-1	32
0	7	86
0	-1	84
3	-1	26
0	-1	86
1	-1	25
0	-1	21
2	-1	25
2	-1	24
2	-1	26
0	10	65
0	6	85
0	-1	85
2	-1	24
0	11	84
2	5	20
0	0	85
1	-1	85
2	4	20
4	-1	27
3	4	21
0	-1	25
2	-1	85
2	-1	85
3	-1	85
2	-1	85
1	-1	85
1	-1	85
0	-1	85
0	-1	61
2	-1	85
4	-1	85
0	-1	84
0	13	78
2	-1	31
1	-1	20
4	-1	85
0	0	86
2	2	85
0	0	86
4	-1	60
0	-1	85
2	-1	86
0	0	85
2	4	20
2	-1	85
0	-1	86
0	-1	86
3	-1	23
3	-1	33
4	-1	25
3	-1	86
2	-1	26
2	-1	21
0	0	56
1	-1	23
0	0	86
0	0	86
0	4	20
4	-1	28
2	-1	26
0	10	83
3	-1	42
3	-1	42
2	5	21
6	-1	63
3	-1	28
0	-1	85
3	-1	85
3	3	20
2	5	21
2	-1	22
2	7	21
5	-1	25
3	-1	24
6	9	25
3	4	20
1	-1	35
5	-1	85
2	-1	23
1	-1	25
2	3	20
0	11	84
1	-1	25
1	-1	22
0	-1	84
5	-1	34
1	-1	86
2	-1	83
2	-1	86
0	-1	28
1	-1	28
1	-1	35
0	-1	86
1	3	20
1	-1	36
1	-1	36
7	-1	65
4	-1	36
0	-1	86
1	-1	84
0	-1	85
1	-1	27
2	-1	86
3	-1	43
3	-1	43
2	-1	35
1	-1	37
2	-1	37
0	0	24
3	5	21
2	-1	29
0	-1	29
0	13	85
2	-1	52
1	-1	52
2	6	22
4	5	20
1	-1	22
0	0	86
0	0	86
0	0	86
1	-1	29
2	-1	44
5	-1	39
0	0	48
1	-1	21
1	-1	21
2	-1	43
0	0	86
2	-1	26
0	-1	85
0	0	81
1	-1	24
1	-1	24
4	-1	59
4	-1	59
1	-1	86
0	0	86
2	-1	22
3	-1	86
0	14	85
2	-1	85
5	-1	29
3	-1	26
6	-1	85
4	-1	70
3	-1	26
3	-1	26
2	3	20
0	2	21
1	-1	84
1	-1	85
0	-1	85
0	0	86
0	0	84
1	-1	23
2	-1	25
1	1	85
2	6	20
0	28	85
3	7	24
0	0	85
1	-1	31
0	-1	44
2	-1	43
4	-1	57
3	-1	29
2	-1	29
0	1	86
0	1	86
0	2	86
0	2	86
0	2	86
0	2	85
0	2	86
0	2	85
0	2	86
0	2	86
0	-1	85
0	2	85
0	-1	85
0	2	85
0	2	85
0	-1	85
0	-1	85
0	3	84
0	2	82
0	2	74
0	-1	85
1	-1	85
0	3	85
0	5	85
0	4	80
0	2	86
3	-1	85
0	2	85
1	2	86
1	-1	85
0	2	86
0	2	86
0	-1	85
0	-1	85
0	-1	86
0	-1	85
0	2	70
0	-1	85
0	2	86
0	2	86
0	2	85
2	-1	84
0	-1	85
0	2	84
0	-1	85
0	-1	85
1	-1	84
0	-1	85
1	-1	85
1	-1	85
0	2	85
1	-1	84
2	-1	85
0	2	86
1	-1	85
0	1	85
0	-1	85
0	-1	85
0	-1	85
1	-1	85
0	-1	85
4	-1	21
0	0	86
3	-1	40
4	-1	40
4	6	20
4	-1	85
2	-1	32
2	-1	32
1	-1	40
3	9	22
1	-1	30
0	-1	30
2	-1	23
2	-1	24
1	-1	86
0	9	83
1	-1	25
3	-1	23
0	-1	27
2	-1	24
2	-1	43
4	5	23
3	-1	85
3	-1	26
0	0	86
0	0	86
0	0	62
2	-1	24
1	1	85
5	-1	27
1	-1	24
3	-1	27
2	6	22
0	0	86
4	-1	49
0	-1	28
0	0	86
0	-1	85
0	-1	85
7	-1	85
6	-1	32
2	-1	26
2	-1	26
0	0	36
4	-1	34
1	-1	46
2	-1	36
2	-1	23
1	-1	25
3	-1	85
0	0	86
0	0	86
2	-1	30
1	-1	25
2	-1	22
4	-1	26
3	-1	40
4	-1	20
2	-1	85
3	-1	85
4	-1	30
1	-1	25
1	-1	28
0	-1	25
1	-1	32
1	-1	85
0	-1	86
0	-1	21
1	-1	85
0	8	73
0	-1	23
0	-1	25
0	-1	25
3	7	22
0	0	81
1	-1	85
0	0	85
1	-1	85
0	-1	23
1	-1	27
2	4	21
3	7	20
3	-1	51
3	-1	51
3	-1	50
3	7	20
0	1	85
0	-1	86
1	-1	22
0	9	85
0	10	85
0	-1	25
3	5	23
0	-1	85
1	-1	35
1	-1	30
2	-1	30
2	-1	30
2	-1	29
4	-1	36
4	-1	28
7	-1	46
6	-1	46
5	7	22
5	-1	61
4	-1	61
5	-1	86
0	-1	85
0	0	79
1	-1	21
0	-1	85
0	19	83
3	8	21
2	-1	21
2	5	21
2	5	20
1	1	86
0	-1	85
1	-1	86
4	-1	34
1	-1	86
0	-1	71
2	-1	29
0	-1	86
4	7	21
1	-1	86
0	-1	84
0	-1	85
2	-1	30
3	7	23
8	-1	33
7	-1	33
4	9	23
5	-1	85
2	-1	26
1	-1	27
2	-1	27
4	-1	32
5	-1	32
3	-1	32
4	-1	31
4	-1	31
3	-1	42
3	7	22
0	3	85
1	-1	21
1	-1	32
0	-1	24
2	-1	32
4	-1	82
0	-1	22
1	-1	29
2	-1	22
2	-1	85
0	0	86
1	2	21
2	-1	25
3	-1	43
2	-1	43
1	3	30
5	7	24
4	-1	26
0	0	86
2	-1	26
1	3	20
0	-1	23
4	-1	32
0	-1	24
2	-1	23
1	-1	85
0	13	85
2	-1	86
0	-1	42
3	8	22
2	9	21
4	-1	35
4	-1	35
0	0	86
2	-1	29
2	5	20
2	4	46
2	-1	28
0	-1	31
0	12	85
1	-1	86
1	-1	25
2	-1	25
1	-1	24
0	-1	85
20	-1	84
1	-1	38
2	6	20
0	-1	85
0	27	85
3	-1	24
5	-1	26
2	-1	79
0	0	62
0	0	86
3	-1	21
1	-1	29
1	-1	29
2	-1	71
2	-1	69
1	-1	24
1	15	86
0	-1	85
0	0	76
0	0	86
3	-1	22
1	-1	22
4	-1	27
0	10	83
2	-1	38
3	-1	38
1	2	23
0	-1	84
4	-1	23
0	-1	83
2	-1	27
3	5	20
0	0	86
3	-1	26
2	-1	48
0	1	85
0	0	86
0	0	86
0	10	82
2	-1	85
0	-1	24
0	0	86
0	-1	86
2	8	22
5	-1	33
4	-1	85
3	-1	33
1	-1	28
0	-1	28
1	26	86
0	0	86
3	8	24
3	-1	23
0	-1	86
1	13	86
0	12	85
0	-1	86
0	9	85
1	2	78
0	0	85
0	0	86
0	0	86
0	0	86
0	-1	34
0	-1	34
0	0	86
0	0	86
1	-1	82
1	-1	86
5	-1	25
3	-1	25
3	-1	36
0	8	66
3	-1	86
0	-1	85
0	-1	83
1	-1	85
1	-1	27
0	-1	26
3	-1	25
4	-1	38
3	-1	38
2	-1	25
0	-1	36
0	0	86
0	0	86
1	-1	25
0	0	86
0	-1	43
0	-1	83
4	-1	33
0	0	85
0	-1	86
0	-1	86
2	-1	34
3	-1	34
2	-1	24
0	-1	86
1	11	82
1	4	21
2	4	24
2	-1	44
3	-1	23
3	-1	48
0	0	86
2	-1	42
2	-1	42
3	-1	47
0	-1	85
1	-1	31
0	-1	26
2	-1	23
2	-1	22
4	-1	46
3	-1	46
3	-1	25
3	7	21
5	-1	33
4	-1	42
3	-1	42
1	-1	23
4	-1	57
5	-1	26
5	-1	29
0	-1	20
0	0	84
2	-1	26
2	-1	26
1	-1	36
0	-1	86
3	4	21
1	-1	28
3	-1	47
1	-1	39
1	-1	39
2	-1	26
2	-1	45
2	-1	45
1	-1	26
2	-1	21
1	4	20
0	-1	31
4	-1	26
3	-1	37
3	-1	37
3	-1	28
3	-1	85
2	7	22
0	0	86
2	-1	25
5	8	23
1	-1	24
1	2	85
0	0	86
0	0	85
0	0	86
0	7	83
5	-1	28
3	-1	22
0	0	84
0	-1	23
1	-1	73
3	6	22
5	-1	38
9	-1	86
2	4	20
2	-1	31
0	-1	86
0	0	85
0	0	85
0	0	85
6	-1	35
0	-1	86
0	-1	24
3	-1	34
1	2	20
12	-1	86
3	6	21
3	6	24
8	-1	73
1	-1	30
1	-1	30
1	-1	25
0	0	86
1	-1	28
3	-1	24
7	-1	31
0	-1	80
0	6	84
4	-1	28
4	-1	28
8	-1	52
0	-1	28
3	-1	86
0	-1	86
3	-1	22
0	0	86
1	2	85
1	-1	36
2	4	20
0	-1	86
2	-1	34
0	-1	86
4	-1	26
2	-1	28
2	-1	28
1	-1	42
1	-1	38
0	-1	60
1	-1	27
5	-1	45
5	-1	45
0	0	86
2	-1	27
0	-1	85
0	-1	30
4	-1	46
1	-1	86
0	6	86
0	0	86
2	-1	36
2	-1	32
3	-1	23
1	-1	27
3	-1	34
3	-1	28
2	-1	86
2	3	22
0	6	84
1	6	85
1	-1	40
1	-1	40
4	-1	29
3	-1	49
2	-1	25
1	-1	22
1	4	22
3	-1	36
6	-1	86
9	-1	85
8	-1	85
5	-1	86
0	-1	84
5	-1	85
3	-1	82
4	6	22
2	-1	24
0	0	57
1	1	22
2	-1	59
2	-1	59
1	-1	85
0	0	86
0	0	86
1	-1	80
1	-1	24
7	-1	85
0	-1	20
5	-1	85
4	-1	29
6	-1	36
2	-1	29
1	-1	29
0	0	86
1	-1	32
0	15	86
0	0	86
1	-1	22
1	-1	23
0	0	86
0	0	86
0	-1	85
0	-1	85
2	-1	22
0	-1	85
2	-1	25
0	0	86
0	1	85
0	13	84
0	-1	84
3	-1	84
0	0	86
2	-1	23
2	-1	34
3	-1	86
5	-1	86
0	0	86
0	0	86
0	0	86
0	-1	25
1	-1	28
4	-1	39
5	-1	58
0	-1	35
1	-1	29
1	-1	29
1	-1	27
5	-1	34
3	-1	22
2	10	84
0	7	85
1	-1	26
0	-1	32
2	-1	85
5	-1	25
1	-1	26
1	-1	38
0	0	86
3	8	22
4	7	20
1	1	84
2	-1	85
2	-1	27
3	-1	40
4	-1	40
3	-1	27
4	-1	84
1	-1	21
0	0	86
4	9	20
0	0	86
4	-1	23
5	-1	47
4	12	26
7	-1	52
2	2	41
1	1	68
0	-1	86
0	-1	85
2	-1	27
3	-1	32
3	-1	35
3	-1	35
4	-1	27
2	-1	85
1	8	86
0	0	61
2	-1	45
4	8	22
0	0	86
4	-1	38
1	-1	20
3	-1	41
1	-1	22
1	-1	22
0	-1	85
3	-1	27
1	-1	41
2	-1	22
2	6	21
3	-1	50
4	-1	50
3	-1	25
3	-1	38
4	-1	38
3	10	24
0	-1	86
4	-1	85
7	-1	30
6	-1	30
1	6	20
1	-1	23
3	-1	50
2	-1	50
0	-1	85
1	-1	86
6	8	23
1	-1	22
0	0	86
2	-1	85
4	-1	33
4	-1	33
3	-1	24
3	-1	22
1	4	22
2	7	23
15	-1	86
3	-1	44
0	-1	85
0	-1	86
4	-1	86
0	-1	83
3	-1	37
0	0	86
1	-1	22
2	-1	28
4	-1	56
2	-1	27
6	7	23
5	-1	86
3	-1	25
1	-1	85
0	-1	25
3	-1	28
0	10	86
0	-1	84
0	-1	86
3	-1	28
0	0	39
2	15	85
0	-1	86
3	-1	34
3	6	20
1	-1	21
3	-1	41
3	4	20
1	-1	35
2	-1	21
1	-1	84
2	-1	85
2	-1	35
2	-1	35
5	-1	26
3	-1	52
1	-1	25
0	-1	25
1	-1	65
3	-1	65
3	-1	22
5	-1	73
1	10	86
0	-1	85
4	8	22
2	-1	86
0	-1	22
3	-1	57
3	-1	52
2	-1	27
0	-1	26
0	0	83
3	-1	81
2	-1	22
2	-1	33
3	-1	33
3	-1	42
7	-1	29
0	-1	86
0	-1	24
4	8	23
1	-1	22
0	0	86
2	-1	23
1	-1	40
0	-1	40
4	-1	29
0	-1	85
1	-1	86
2	-1	38
3	8	21
5	-1	39
5	-1	39
3	-1	23
3	-1	23
1	-1	84
0	-1	86
1	-1	86
2	-1	36
3	-1	84
0	0	38
2	-1	26
2	-1	31
0	-1	26
4	6	20
2	-1	21
0	0	86
0	0	86
0	0	86
2	5	20
4	-1	44
6	-1	86
3	-1	47
0	-1	85
1	-1	20
0	-1	85
7	-1	85
2	-1	37
2	-1	24
2	6	20
0	18	86
0	-1	85
1	-1	35
0	2	85
2	-1	32
0	-1	85
2	-1	49
2	-1	49
3	-1	34
0	0	86
1	-1	38
1	13	86
2	2	20
0	0	86
0	-1	84
0	-1	82
1	-1	86
0	7	85
1	-1	37
2	-1	37
1	-1	85
11	-1	86
2	6	21
1	-1	83
1	-1	40
1	-1	40
0	0	86
5	-1	46
5	-1	48
1	4	21
0	-1	42
1	3	85
0	-1	42
4	-1	84
0	0	86
1	-1	28
0	-1	45
0	-1	45
0	-1	81
1	1	85
4	6	21
4	-1	85
1	-1	25
0	-1	85
1	-1	86
0	-1	40
3	5	23
2	4	85
1	-1	23
4	7	22
6	-1	85
2	-1	85
1	-1	22
5	-1	81
1	-1	21
4	-1	24
0	-1	31
2	-1	24
1	1	20
1	5	21
0	-1	29
0	-1	29
3	-1	50
0	-1	21
4	-1	26
0	-1	34
0	-1	34
1	-1	22
4	-1	24
1	-1	24
0	0	85
4	-1	85
2	-1	86
1	-1	26
1	-1	26
1	-1	32
1	-1	32
3	-1	37
2	-1	40
0	-1	48
5	-1	86
0	-1	86
1	-1	38
1	-1	85
2	-1	34
2	-1	34
0	0	86
0	0	86
0	0	85
4	4	21
3	2	21
0	0	85
0	26	85
3	-1	85
1	-1	25
0	0	85
0	-1	86
0	-1	85
0	0	85
0	-1	33
1	1	86
0	0	86
0	0	86
0	0	85
4	-1	40
4	-1	40
2	-1	85
0	-1	36
0	10	86
3	-1	86
4	-1	40
0	0	86
1	-1	22
9	-1	85
0	0	85
4	-1	25
1	8	84
1	17	86
0	-1	86
1	-1	23
2	5	23
3	-1	22
0	-1	68
1	-1	84
5	-1	85
1	7	85
0	-1	86
2	-1	35
1	-1	29
1	5	85
0	-1	83
1	-1	24
4	-1	85
3	-1	85
12	-1	84
2	-1	30
2	5	20
3	-1	49
0	8	86
0	-1	86
0	-1	23
0	-1	25
0	-1	20
0	-1	85
4	8	28
0	-1	81
0	0	85
1	2	22
1	1	86
0	0	86
1	-1	29
2	-1	26
2	-1	26
0	9	85
0	-1	86
0	0	85
1	-1	86
5	-1	33
1	-1	34
3	-1	25
0	-1	22
1	-1	73
3	6	21
0	0	86
1	21	86
2	-1	26
4	8	22
3	-1	26
5	-1	32
2	-1	26
1	-1	35
4	-1	31
3	-1	24
6	-1	33
2	-1	31
1	-1	83
5	-1	69
2	-1	28
0	0	86
3	-1	45
3	-1	45
2	-1	36
0	-1	86
2	-1	34
1	-1	34
3	-1	26
2	-1	24
1	-1	21
4	-1	25
1	-1	28
4	7	22
0	-1	85
0	-1	26
2	-1	21
4	-1	29
0	2	83
3	-1	25
4	-1	86
1	-1	29
1	-1	45
0	-1	86
2	-1	60
0	0	84
5	-1	85
6	-1	31
2	-1	82
0	11	85
1	-1	33
3	-1	26
1	-1	32
6	-1	86
4	-1	33
3	-1	86
3	-1	30
1	-1	34
1	-1	34
3	-1	36
4	-1	29
0	14	85
0	9	85
0	0	84
2	-1	35
2	-1	27
4	-1	84
0	11	86
1	14	86
1	-1	26
1	-1	86
0	12	84
0	-1	24
2	-1	43
0	-1	79
0	-1	86
0	11	84
2	-1	85
2	-1	29
2	-1	29
2	-1	26
3	5	21
3	-1	45
3	-1	45
3	3	20
0	-1	24
3	8	22
1	4	20
1	-1	22
0	-1	86
0	-1	86
0	5	85
1	-1	32
0	-1	85
3	-1	86
4	6	23
0	-1	84
2	-1	23
2	-1	20
0	0	82
5	8	23
2	-1	40
4	-1	40
2	-1	23
3	-1	27
0	0	86
6	7	22
5	-1	27
5	-1	27
1	-1	46
1	-1	21
4	-1	30
3	-1	24
3	4	22
3	-1	40
2	-1	40
3	-1	25
5	-1	84
2	-1	50
2	-1	36
2	-1	36
0	0	85
3	-1	22
2	5	22
0	0	86
0	-1	22
0	0	85
1	-1	22
0	0	86
4	-1	46
3	-1	46
1	-1	23
1	5	20
3	-1	27
2	-1	27
0	-1	86
3	-1	86
3	-1	45
4	9	21
3	6	20
5	6	22
6	-1	33
2	-1	52
3	6	23
0	0	86
0	0	86
3	5	20
2	-1	35
4	-1	28
0	0	86
0	-1	86
2	-1	23
4	-1	37
2	-1	86
1	5	21
2	6	21
4	-1	34
1	-1	85
2	-1	25
4	-1	83
0	-1	86
3	-1	25
2	-1	24
1	-1	32
2	-1	30
2	-1	86
1	-1	26
1	-1	26
2	-1	31
0	-1	31
0	0	86
0	0	86
0	0	86
0	-1	21
1	-1	20
2	5	21
2	-1	29
3	-1	36
3	-1	31
4	6	22
0	0	86
5	-1	26
3	-1	26
7	10	25
4	-1	24
3	-1	30
2	-1	24
1	-1	21
0	-1	85
1	-1	86
1	-1	29
1	-1	29
2	-1	23
3	2	21
1	-1	35
1	-1	35
1	5	21
1	5	85
3	-1	27
2	-1	22
4	-1	26
3	4	20
1	-1	36
2	3	20
0	0	85
0	0	85
3	-1	23
0	-1	85
1	-1	22
1	-1	86
2	-1	22
0	-1	86
3	-1	85
1	-1	24
1	2	84
1	-1	44
0	0	85
5	-1	39
0	-1	85
0	7	86
1	9	85
2	-1	46
3	-1	22
0	-1	86
4	-1	69
1	-1	85
0	0	86
0	0	78
2	-1	23
2	-1	22
0	-1	21
0	0	86
0	0	85
0	0	85
6	-1	34
4	7	20
4	6	20
2	6	20
1	2	35
4	6	20
3	-1	31
0	4	85
4	-1	26
0	-1	20
0	0	85
3	-1	35
3	-1	84
0	-1	84
0	-1	86
2	-1	85
0	0	86
2	-1	25
0	0	85
0	0	85
2	-1	22
0	0	86
0	0	86
5	-1	36
6	-1	85
4	-1	85
0	-1	85
3	-1	84
0	0	86
0	0	86
0	0	86
6	-1	84
0	-1	86
1	-1	23
2	5	20
8	-1	86
2	-1	23
5	-1	85
3	-1	26
3	-1	28
17	-1	86
3	-1	85
2	-1	22
4	-1	86
0	-1	83
3	-1	85
0	-1	85
0	2	85
2	-1	24
4	-1	27
0	-1	86
0	-1	23
1	-1	30
0	0	76
1	-1	86
1	-1	85
5	-1	86
0	1	85
2	-1	29
6	-1	26
3	-1	86
0	0	86
5	-1	86
1	-1	84
2	5	21
2	-1	25
0	-1	85
4	7	21
3	4	21
1	-1	28
4	-1	53
4	-1	53
0	-1	29
0	-1	25
3	-1	39
2	-1	85
3	7	21
0	0	85
0	0	85
2	-1	86
0	-1	84
0	-1	23
0	-1	85
0	-1	84
0	-1	85
0	0	86
0	0	86
2	5	30
3	3	85
2	-1	26
3	-1	38
2	-1	24
5	-1	26
2	-1	36
2	5	22
0	-1	85
3	-1	22
0	0	85
1	-1	33
2	-1	42
6	-1	85
5	-1	41
3	-1	86
2	3	21
4	6	24
0	-1	85
0	-1	27
2	-1	28
3	-1	29
1	-1	23
0	-1	42
2	-1	83
0	-1	85
0	28	85
0	-1	42
0	-1	85
2	-1	30
1	-1	28
0	0	84
3	4	20
3	5	21
2	-1	34
1	-1	34
0	0	86
4	-1	37
1	-1	24
1	-1	85
0	-1	28
3	-1	35
0	-1	23
1	-1	22
0	-1	83
0	-1	86
0	5	85
4	-1	26
5	-1	46
1	-1	32
1	-1	32
0	0	86
0	-1	26
4	-1	28
3	-1	34
0	-1	42
0	-1	86
1	-1	28
3	-1	24
2	-1	85
2	-1	27
1	-1	27
4	-1	27
2	-1	28
4	5	22
0	-1	83
4	-1	34
4	-1	34
1	-1	23
1	-1	43
1	-1	86
0	2	85
1	-1	36
3	-1	36
0	-1	31
3	-1	31
0	0	86
0	0	86
0	0	86
3	-1	56
1	-1	85
3	-1	85
1	-1	85
0	-1	85
0	-1	85
0	3	77
0	-1	85
0	3	85
0	2	85
0	1	86
0	1	85
1	-1	85
1	-1	85
0	1	85
0	-1	79
0	1	85
0	1	85
0	-1	85
0	1	85
0	-1	84
1	-1	85
0	1	78
0	-1	24
1	-1	22
0	-1	20
0	0	86
2	-1	38
3	-1	28
0	-1	20
1	-1	28
0	-1	86
0	-1	85
1	-1	81
0	-1	85
0	-1	84
0	-1	27
3	-1	22
0	7	86
0	9	85
3	-1	36
3	-1	36
1	3	20
3	-1	32
2	-1	32
1	-1	25
1	-1	25
3	-1	45
0	-1	85
3	3	21
0	-1	85
20	-1	85
6	-1	51
5	-1	51
1	-1	31
0	-1	26
3	-1	24
0	-1	85
0	8	84
0	0	86
0	-1	83
6	-1	35
3	-1	33
2	-1	24
4	-1	23
0	0	84
0	10	85
2	-1	85
2	-1	85
2	-1	85
0	-1	24
0	-1	84
0	-1	29
1	-1	86
1	-1	84
3	-1	85
2	-1	85
0	-1	84
7	32	85
2	4	20
0	-1	23
2	-1	26
3	-1	34
3	-1	34
1	-1	20
4	-1	28
2	-1	28
1	-1	26
2	-1	26
3	-1	28
4	-1	86
1	5	21
4	-1	24
3	-1	28
2	8	21
0	-1	30
1	-1	30
3	-1	29
0	0	86
0	0	85
0	-1	21
0	-1	85
0	-1	86
1	-1	83
3	-1	44
3	-1	44
4	-1	44
4	-1	44
2	-1	25
1	-1	23
1	5	21
2	-1	25
3	-1	21
0	5	84
2	-1	34
0	0	85
0	6	20
4	-1	25
2	-1	21
2	-1	22
0	0	20
1	-1	83
2	-1	84
3	-1	81
1	5	20
1	-1	86
0	8	85
0	13	86
0	8	82
3	-1	45
1	-1	29
0	0	86
0	0	86
0	13	85
19	-1	85
1	-1	27
1	-1	85
3	-1	38
5	-1	29
1	-1	20
3	-1	24
2	-1	32
2	-1	26
1	-1	32
1	-1	37
1	-1	85
0	0	86
0	0	72
2	-1	64
3	-1	64
0	0	85
5	-1	25
0	0	85
6	-1	27
0	0	86
0	0	85
0	-1	85
2	4	20
2	-1	86
3	-1	22
0	1	85
3	10	23
0	0	85
2	-1	85
0	-1	84
1	3	20
4	-1	50
1	-1	24
2	4	20
3	-1	38
0	-1	83
0	-1	85
6	-1	64
0	0	86
6	-1	40
0	-1	85
1	-1	84
0	9	84
6	-1	65
1	-1	28
1	-1	23
5	-1	41
5	-1	41
0	0	86
0	0	86
0	-1	26
1	-1	22
3	-1	86
0	-1	20
7	-1	51
2	-1	31
1	2	20
0	-1	23
3	-1	31
1	-1	31
1	-1	21
3	6	23
0	0	85
3	-1	40
4	-1	40
3	-1	53
2	-1	53
4	-1	86
2	-1	25
4	-1	36
2	4	22
4	-1	28
4	-1	28
1	-1	20
4	-1	33
1	-1	26
4	7	22
4	-1	28
0	-1	25
1	5	20
3	-1	84
2	4	21
0	0	85
0	0	86
0	3	20
0	7	86
0	-1	85
3	6	20
5	-1	32
0	12	85
1	4	21
0	11	86
6	-1	84
4	-1	85
0	0	86
0	14	83
1	14	83
1	-1	25
0	-1	84
1	-1	23
1	-1	25
0	0	85
1	-1	46
4	6	21
1	-1	25
3	-1	25
0	0	85
0	-1	21
0	0	85
0	0	86
3	-1	23
0	-1	39
1	-1	23
3	-1	26
5	6	25
6	-1	27
0	-1	85
2	5	22
1	-1	24
2	-1	23
0	0	85
5	-1	36
2	-1	86
9	-1	85
6	-1	86
0	-1	85
2	-1	86
2	-1	29
0	-1	86
6	-1	41
0	0	85
0	-1	85
1	-1	20
0	0	86
0	0	86
3	-1	35
3	-1	35
3	-1	35
3	-1	35
3	-1	40
0	-1	26
0	-1	86
1	-1	37
2	-1	37
1	-1	30
1	-1	30
7	-1	86
1	-1	27
5	-1	54
1	1	23
1	-1	79
3	-1	23
2	-1	25
4	-1	24
3	-1	23
4	-1	25
3	-1	49
3	-1	49
6	-1	86
3	-1	29
3	-1	29
1	1	70
3	-1	28
6	-1	34
7	-1	34
5	-1	27
1	-1	31
0	0	24
2	-1	85
2	-1	34
0	-1	86
0	-1	84
4	6	20
1	-1	22
0	-1	84
0	12	85
1	1	77
1	-1	58
3	5	20
2	-1	85
0	0	86
2	-1	23
3	-1	30
0	0	83
2	-1	28
2	-1	25
5	-1	44
0	-1	86
0	0	86
0	0	86
0	0	86
1	-1	26
1	12	84
0	11	86
1	-1	22
2	-1	85
3	4	21
3	-1	45
1	-1	26
0	-1	29
2	-1	45
0	-1	86
1	-1	27
1	-1	21
0	0	56
0	0	86
0	-1	85
1	1	20
0	-1	85
2	-1	25
3	10	21
0	0	63
4	6	20
1	-1	24
3	-1	21
0	0	86
0	0	86
1	-1	84
0	-1	86
3	-1	39
2	-1	39
1	-1	40
0	10	86
1	-1	27
0	0	86
0	0	86
3	-1	33
2	-1	30
0	-1	85
4	-1	86
0	0	83
2	-1	22
2	-1	34
1	-1	27
1	-1	27
2	-1	83
0	-1	85
1	12	85
1	-1	26
0	0	57
2	-1	26
0	9	85
0	-1	86
3	4	20
0	9	85
0	-1	86
1	-1	49
0	0	29
4	-1	58
1	-1	35
3	-1	23
5	-1	35
0	-1	85
0	-1	86
0	-1	85
0	-1	86
0	0	85
1	-1	25
2	-1	74
4	6	21
0	-1	86
0	-1	84
4	-1	32
0	-1	22
0	0	49
0	-1	20
3	6	21
1	-1	31
0	0	71
2	-1	43
0	-1	84
0	10	71
0	16	84
2	-1	86
1	-1	34
2	-1	24
3	-1	37
0	-1	29
1	1	20
1	-1	23
0	0	86
1	-1	36
3	-1	86
18	-1	83
4	-1	28
7	-1	86
3	-1	26
5	-1	33
6	-1	33
1	-1	85
1	2	21
0	-1	21
1	-1	20
1	4	21
0	-1	86
0	-1	84
4	-1	33
1	-1	22
3	-1	28
3	-1	28
4	-1	39
6	-1	39
3	-1	24
1	-1	29
2	-1	86
1	-1	33
0	0	86
0	0	86
1	-1	84
1	-1	60
0	0	85
0	0	85
0	0	86
0	-1	84
4	-1	85
3	5	21
3	-1	26
3	-1	26
1	-1	21
2	-1	85
0	0	86
0	0	71
0	4	85
0	5	86
4	-1	60
4	-1	60
2	5	21
2	3	20
1	-1	29
4	-1	31
3	-1	22
2	2	85
0	9	85
2	-1	85
5	-1	86
4	-1	32
4	-1	32
0	10	86
0	-1	84
1	-1	85
1	-1	85
1	-1	85
1	-1	85
3	-1	85
2	-1	85
4	-1	85
0	-1	85
1	-1	85
1	-1	21
0	-1	38
0	0	85
0	-1	85
2	4	21
0	8	84
1	-1	86
1	-1	85
0	-1	85
1	-1	86
0	-1	85
3	-1	85
0	-1	85
0	0	44
2	5	20
3	-1	38
0	-1	85
6	-1	85
0	-1	85
4	-1	37
3	-1	37
4	-1	36
1	-1	21
6	12	24
4	4	20
4	-1	23
1	-1	26
1	-1	24
1	0	86
2	-1	25
1	-1	32
4	-1	24
4	-1	28
3	-1	28
0	-1	85
2	-1	39
4	11	26
0	-1	84
2	-1	35
2	-1	28
3	6	20
0	-1	20
1	-1	26
2	3	20
2	-1	39
2	-1	39
0	0	84
1	-1	21
5	-1	64
2	-1	40
1	-1	40
1	-1	26
0	-1	85
2	-1	83
1	-1	30
2	-1	21
2	2	20
0	-1	86
1	4	21
3	-1	85
0	-1	85
3	-1	28
2	-1	28
3	7	20
3	-1	27
6	-1	43
6	-1	43
2	-1	26
1	-1	23
2	-1	36
1	-1	27
1	-1	20
3	-1	47
3	-1	47
4	5	24
0	-1	81
0	-1	86
4	-1	39
4	-1	77
0	-1	86
0	-1	86
0	0	86
1	-1	25
3	-1	23
3	7	21
4	-1	34
2	-1	22
2	-1	26
3	-1	30
1	-1	30
0	-1	26
3	-1	23
1	3	20
2	-1	22
1	-1	30
3	-1	32
2	-1	22
5	-1	33
4	-1	85
2	-1	35
0	0	85
2	-1	22
0	-1	86
2	-1	25
0	0	86
5	6	25
0	0	86
0	10	85
0	11	84
3	-1	30
1	-1	85
3	5	20
1	-1	83
0	0	86
2	6	20
2	-1	33
0	0	86
0	0	86
0	0	86
1	2	85
2	2	20
3	-1	32
1	-1	32
2	-1	43
3	-1	43
5	-1	38
0	0	86
1	-1	22
0	-1	21
0	0	86
0	-1	85
7	-1	85
3	3	21
5	-1	34
1	-1	22
4	-1	31
0	0	79
1	-1	23
4	-1	48
0	-1	23
1	-1	23
2	-1	40
3	4	20
0	0	86
0	0	86
0	0	86
3	-1	86
0	0	86
3	-1	50
3	5	22
2	-1	28
2	-1	28
1	-1	37
1	-1	25
0	-1	86
1	-1	27
0	0	86
1	-1	21
2	7	23
0	0	86
6	-1	86
1	-1	20
2	-1	32
3	7	20
3	-1	48
1	-1	73
0	0	86
2	6	20
0	-1	85
1	1	50
0	0	86
1	-1	35
3	3	20
1	-1	35
0	-1	85
0	-1	85
0	-1	85
0	-1	84
0	-1	86
0	0	85
1	-1	37
1	-1	30
0	-1	85
3	-1	86
2	4	20
0	-1	86
1	-1	26
3	-1	33
2	-1	81
2	-1	47
4	-1	32
0	-1	78
1	-1	85
0	-1	22
4	-1	50
0	0	86
7	-1	84
7	-1	42
0	-1	86
6	7	22
1	-1	29
2	-1	27
1	-1	20
2	-1	23
3	8	21
3	-1	23
3	-1	25
4	-1	86
0	-1	27
0	0	86
2	-1	26
3	7	23
0	-1	85
0	-1	83
0	6	85
0	13	84
1	1	83
4	5	20
3	6	21
3	-1	22
0	-1	24
0	0	86
0	0	86
0	-1	84
0	-1	86
2	-1	86
0	9	85
0	-1	26
1	-1	20
0	5	79
0	5	79
1	-1	26
0	0	86
0	0	86
4	8	21
0	0	83
0	-1	86
2	4	20
3	-1	32
0	12	85
2	-1	44
2	-1	26
0	-1	85
2	-1	27
2	-1	27
2	7	21
0	0	86
5	-1	84
3	-1	34
0	-1	27
5	-1	27
1	-1	21
6	-1	39
6	-1	39
0	3	24
5	-1	83
0	-1	29
2	-1	31
1	-1	72
6	-1	83
1	1	85
0	0	85
2	-1	44
2	-1	25
4	-1	25
0	-1	85
0	-1	86
2	-1	21
3	-1	27
4	-1	27
1	2	20
2	-1	37
0	0	86
1	-1	23
3	-1	28
0	-1	86
0	15	86
5	-1	86
0	0	86
1	1	86
2	-1	29
0	-1	85
3	-1	32
1	-1	21
5	-1	26
2	-1	28
2	-1	23
0	0	85
2	7	21
3	-1	31
0	0	86
0	0	86
2	-1	22
2	-1	25
0	0	86
2	3	20
3	-1	85
1	-1	46
3	7	22
0	0	85
6	-1	42
8	-1	42
3	5	21
1	-1	23
4	-1	29
0	-1	28
0	7	85
1	-1	85
4	-1	38
1	-1	30
1	4	22
7	-1	81
9	-1	81
0	0	85
1	-1	21
3	3	20
1	-1	34
2	-1	38
2	-1	38
0	-1	23
0	8	84
0	6	85
0	0	81
4	-1	35
1	-1	22
3	-1	30
1	-1	38
3	-1	38
1	-1	43
4	-1	28
0	-1	23
1	-1	24
1	-1	21
1	-1	23
0	-1	24
0	0	85
3	-1	85
0	-1	86
0	0	86
0	0	86
3	7	24
1	-1	33
4	6	21
4	8	24
3	-1	22
0	-1	85
0	-1	86
1	-1	36
3	-1	85
1	-1	21
0	7	86
2	-1	21
0	-1	25
0	-1	86
2	-1	38
0	-1	22
2	6	20
2	-1	34
3	-1	32
1	-1	28
0	0	86
5	-1	85
4	-1	57
4	-1	57
4	-1	22
0	-1	22
2	-1	29
1	-1	30
4	8	22
1	-1	31
0	-1	31
1	6	21
2	-1	23
1	-1	26
3	-1	38
3	-1	38
0	0	86
4	-1	56
0	-1	86
4	9	22
2	-1	36
0	0	85
1	-1	85
3	7	22
0	0	86
0	0	86
2	-1	85
0	7	86
0	14	86
3	3	23
0	0	67
2	5	20
0	-1	86
1	-1	23
6	-1	33
2	-1	85
2	-1	86
0	-1	28
1	-1	22
1	-1	29
2	-1	23
2	-1	27
0	-1	24
2	-1	38
2	4	20
2	-1	26
0	0	85
0	-1	83
5	-1	37
4	-1	37
1	-1	23
0	-1	86
0	0	86
2	-1	40
1	10	85
1	-1	85
4	8	21
0	0	86
0	0	86
3	-1	39
3	-1	39
1	-1	84
0	-1	84
5	-1	85
0	0	86
3	-1	22
4	-1	26
1	-1	24
0	0	86
3	-1	33
3	-1	33
3	-1	32
3	-1	32
0	0	85
1	8	41
2	-1	38
2	-1	38
1	-1	39
3	-1	23
1	-1	20
4	-1	49
5	-1	49
0	0	86
3	-1	25
0	-1	39
0	10	85
2	-1	34
2	-1	86
1	-1	25
0	-1	85
0	11	86
3	-1	86
3	-1	24
4	-1	28
0	-1	85
1	-1	86
0	14	86
0	0	85
5	-1	35
4	-1	26
0	-1	25
0	-1	25
4	-1	24
1	-1	30
4	-1	83
2	-1	27
2	-1	30
0	-1	23
2	-1	30
0	0	85
0	10	85
0	7	85
2	-1	34
2	-1	34
1	2	20
5	8	21
3	6	20
1	-1	27
0	5	21
2	-1	26
1	-1	86
0	-1	28
2	-1	20
3	-1	27
0	0	86
0	-1	83
3	-1	33
0	-1	21
1	-1	22
2	-1	36
1	-1	36
1	-1	27
5	-1	35
5	7	24
5	-1	39
5	5	20
3	-1	52
1	-1	23
0	0	86
4	-1	60
4	-1	60
3	-1	34
2	-1	34
4	-1	27
1	12	85
0	0	86
2	-1	31
0	-1	86
4	-1	40
2	-1	32
5	-1	28
3	-1	83
2	-1	22
0	-1	85
1	-1	85
2	8	20
0	-1	86
2	-1	31
0	0	41
3	-1	27
2	-1	32
2	-1	24
1	-1	58
0	-1	26
2	-1	26
0	4	85
1	-1	85
0	-1	23
4	-1	28
4	-1	22
0	9	85
0	9	86
3	4	21
0	-1	86
3	-1	33
1	-1	26
1	-1	34
0	-1	85
1	-1	22
1	-1	22
1	-1	43
0	-1	84
3	-1	37
4	-1	51
3	-1	51
0	0	86
1	-1	47
3	-1	31
3	-1	31
4	-1	26
0	-1	82
0	0	47
6	-1	26
2	-1	85
2	-1	33
1	-1	28
1	-1	24
3	-1	29
2	-1	22
1	-1	31
3	-1	84
4	-1	28
1	-1	31
2	-1	25
3	-1	30
0	-1	24
0	0	86
0	0	86
0	0	86
3	-1	24
2	-1	37
1	-1	23
1	-1	29
2	-1	29
5	-1	38
3	-1	44
1	-1	24
6	-1	81
0	-1	24
5	4	23
2	-1	23
1	-1	30
1	13	86
0	-1	84
2	-1	26
2	-1	24
2	-1	83
2	-1	23
5	-1	26
0	0	86
1	-1	86
1	-1	84
2	-1	31
1	6	21
2	8	20
4	-1	41
3	-1	23
3	-1	24
7	-1	75
7	-1	75
0	0	83
2	5	23
5	-1	28
2	-1	29
0	2	85
1	-1	35
4	-1	81
1	-1	41
1	-1	41
4	-1	33
4	6	22
3	-1	25
0	-1	84
0	0	85
2	-1	24
3	-1	24
3	-1	48
1	-1	86
1	-1	20
0	0	86
0	0	68
1	1	85
2	2	21
5	-1	24
2	-1	24
0	-1	39
0	10	86
2	-1	31
3	-1	85
3	-1	24
1	-1	85
9	-1	85
0	7	86
3	4	20
4	-1	38
3	-1	28
3	-1	86
3	-1	86
1	-1	23
2	-1	22
1	-1	22
1	3	21
1	-1	33
5	-1	30
0	0	86
2	5	20
1	-1	32
4	-1	37
4	-1	37
0	0	86
0	0	71
0	-1	86
2	-1	32
0	-1	86
1	-1	85
0	0	84
3	-1	34
1	-1	32
5	-1	38
5	-1	38
0	-1	84
0	-1	47
1	1	86
1	-1	29
5	-1	85
0	0	86
0	-1	83
2	-1	86
0	33	85
2	-1	39
3	-1	20
3	6	21
3	-1	43
1	-1	86
0	-1	23
0	28	85
1	-1	42
2	-1	24
7	-1	85
1	-1	27
3	-1	33
3	-1	33
2	-1	33
2	-1	37
0	-1	35
0	-1	33
3	-1	35
3	-1	35
3	-1	24
2	-1	26
1	-1	22
3	-1	86
3	-1	35
3	-1	35
0	1	85
3	4	21
2	-1	23
3	-1	35
3	-1	29
5	-1	30
4	-1	30
0	-1	85
1	3	21
2	-1	30
2	-1	27
1	-1	86
2	-1	29
2	-1	29
0	0	86
0	0	86
3	-1	34
0	-1	23
3	-1	23
3	-1	35
1	-1	34
13	-1	85
1	-1	85
4	-1	47
0	0	86
0	-1	21
4	-1	26
5	5	21
2	-1	28
2	-1	29
3	6	22
4	-1	26
3	-1	22
2	-1	85
1	-1	22
0	-1	86
1	-1	85
1	-1	86
0	-1	84
1	-1	28
3	5	21
2	6	20
0	-1	31
0	-1	31
0	0	70
6	-1	26
2	-1	21
1	2	20
0	-1	30
5	-1	86
2	-1	79
2	-1	62
2	-1	23
3	3	86
2	7	22
1	-1	25
5	-1	31
2	5	22
3	6	21
0	0	84
0	0	86
1	-1	85
0	0	86
4	-1	24
3	-1	40
3	-1	40
1	-1	22
2	-1	27
1	1	20
2	-1	32
1	-1	85
0	-1	85
0	11	86
3	-1	60
3	-1	60
2	-1	27
2	-1	25
4	-1	78
3	-1	30
2	5	20
2	-1	23
1	-1	32
1	-1	85
5	7	20
6	-1	85
1	-1	86
0	-1	86
0	-1	85
0	-1	85
4	-1	23
1	-1	85
0	14	85
0	9	86
0	-1	22
7	11	26
2	-1	65
3	-1	65
0	-1	30
2	-1	37
1	-1	25
2	-1	24
1	-1	24
0	0	86
0	0	86
1	1	68
0	6	85
0	0	86
2	-1	85
3	-1	33
4	-1	34
1	-1	22
3	-1	39
1	-1	32
0	0	82
3	6	22
3	-1	34
2	-1	27
2	7	20
0	-1	86
2	-1	39
0	0	86
0	0	86
0	0	86
0	0	86
0	0	85
0	0	86
0	0	85
0	-1	83
1	-1	20
0	0	86
2	-1	25
1	-1	29
0	0	85
0	0	86
0	-1	85
2	3	20
2	-1	84
0	-1	85
1	5	20
0	-1	28
1	-1	85
2	-1	27
3	5	21
2	-1	38
4	-1	42
1	5	20
2	-1	43
2	-1	43
4	-1	45
0	-1	84
0	0	85
4	-1	46
2	-1	33
3	-1	33
1	-1	28
1	-1	28
0	-1	85
1	16	86
0	0	74
4	5	20
0	0	86
3	-1	25
0	0	86
3	-1	44
0	-1	23
1	2	22
0	-1	22
2	-1	30
0	4	20
0	-1	26
2	-1	25
1	-1	25
0	0	38
3	-1	23
0	0	86
0	-1	35
1	-1	42
0	16	85
0	-1	86
1	-1	85
3	-1	42
2	-1	42
0	6	85
0	8	84
0	0	36
0	-1	31
2	-1	56
0	-1	84
4	7	22
0	-1	86
3	-1	33
0	-1	24
0	-1	21
1	-1	25
2	-1	25
0	1	85
2	-1	24
3	-1	68
2	4	20
0	-1	85
0	-1	85
1	2	20
0	0	86
0	0	86
4	-1	55
2	-1	27
4	9	24
3	-1	22
4	-1	37
3	-1	41
1	-1	85
0	0	76
3	-1	25
1	-1	22
3	4	21
0	4	86
0	-1	84
4	-1	85
4	-1	36
1	-1	51
1	3	21
0	0	35
3	-1	48
5	10	20
3	-1	23
2	-1	23
1	-1	86
1	-1	85
0	9	85
0	8	85
0	0	85
3	-1	26
1	-1	22
3	8	20
2	-1	25
1	-1	22
2	-1	25
3	-1	51
3	-1	51
3	-1	33
3	-1	34
2	-1	40
3	-1	40
1	1	86
3	4	20
2	4	21
18	-1	84
1	-1	28
2	-1	86
0	-1	85
3	6	21
3	-1	86
1	-1	55
0	-1	85
0	-1	86
2	-1	25
0	0	85
11	-1	85
8	-1	49
0	-1	85
0	0	72
3	-1	23
3	-1	33
1	-1	39
1	-1	21
2	-1	29
4	-1	36
4	-1	36
0	0	86
0	0	86
0	0	86
1	-1	84
2	-1	22
1	-1	85
1	-1	25
0	0	86
0	-1	84
2	-1	27
2	-1	47
1	-1	31
2	-1	31
1	-1	22
0	-1	23
1	12	83
5	-1	39
1	-1	25
4	7	23
2	-1	30
1	-1	31
0	-1	31
0	-1	43
0	-1	33
3	-1	22
2	-1	29
0	-1	23
0	-1	28
0	-1	32
0	0	86
2	-1	86
0	11	86
0	11	85
0	5	85
0	13	85
0	10	85
5	-1	85
0	0	85
2	-1	36
0	-1	32
0	-1	32
3	7	20
2	-1	40
1	-1	32
2	-1	49
0	-1	85
0	-1	86
0	6	71
0	13	85
0	-1	29
0	-1	86
3	-1	26
2	-1	33
2	-1	85
2	-1	52
0	-1	22
3	-1	52
1	-1	48
1	-1	47
2	-1	29
0	-1	34
1	-1	24
0	-1	29
0	-1	84
1	-1	86
1	12	84
0	7	86
0	-1	86
1	-1	86
3	-1	86
6	-1	85
1	-1	85
2	-1	84
0	10	86
1	-1	85
0	10	86
1	-1	84
0	-1	85
3	-1	86
0	7	85
2	-1	22
1	-1	85
0	-1	21
5	-1	34
6	-1	34
9	-1	84
0	0	28
3	-1	22
2	-1	44
0	0	83
1	-1	22
2	-1	42
2	-1	42
2	-1	44
0	0	86
2	3	20
0	-1	84
0	0	86
0	0	86
2	-1	25
2	-1	86
2	-1	27
5	-1	29
1	-1	43
0	0	77
0	0	86
0	-1	23
0	-1	24
1	-1	24
5	-1	85
5	-1	48
3	-1	60
3	-1	27
0	-1	85
0	-1	85
1	-1	86
0	0	86
4	7	20
4	-1	85
1	-1	34
5	-1	55
5	-1	55
4	-1	33
0	0	86
2	-1	29
2	-1	29
0	0	86
0	0	86
0	0	86
0	0	86
1	-1	29
0	0	86
3	-1	37
0	-1	86
0	13	85
3	-1	34
3	-1	34
0	7	79
0	0	86
2	-1	24
0	0	85
2	-1	25
0	-1	86
1	-1	38
0	-1	38
5	-1	54
6	-1	54
0	-1	25
1	-1	36
2	-1	36
0	0	86
1	-1	28
4	-1	44
1	-1	28
0	0	86
0	0	84
1	-1	21
2	-1	85
0	-1	86
2	-1	43
1	1	85
4	-1	36
4	-1	84
0	-1	85
2	-1	25
4	-1	47
0	-1	21
0	0	86
2	-1	23
0	0	86
6	-1	42
3	-1	42
1	-1	28
3	-1	85
2	-1	27
0	0	74
0	0	85
0	-1	85
1	1	86
3	-1	85
5	-1	50
0	-1	23
0	-1	28
1	-1	40
4	-1	85
4	-1	28
2	-1	28
3	-1	46
3	-1	38
3	-1	38
8	-1	51
0	9	85
0	8	84
0	9	85
0	-1	85
1	-1	86
0	-1	85
2	-1	86
2	-1	76
0	-1	86
1	-1	30
2	-1	25
6	-1	30
3	5	21
4	-1	27
3	6	21
2	-1	22
3	-1	21
2	-1	23
1	-1	24
4	7	21
0	-1	29
2	-1	22
2	4	22
1	-1	24
2	-1	82
3	5	20
0	-1	84
2	-1	21
2	3	21
4	-1	28
1	-1	84
0	14	85
3	-1	85
5	-1	27
4	-1	56
2	-1	24
2	-1	25
2	-1	25
3	-1	85
13	-1	85
1	-1	28
1	-1	28
0	-1	85
2	-1	33
1	-1	31
2	-1	41
2	-1	44
2	2	85
3	-1	85
4	-1	85
3	-1	47
2	-1	27
0	0	86
0	0	85
2	-1	34
3	-1	25
2	3	22
1	-1	21
1	-1	24
0	-1	30
0	-1	30
2	-1	85
3	8	20
5	-1	34
3	-1	26
3	7	21
3	-1	39
2	-1	86
6	-1	56
5	-1	56
4	-1	49
1	-1	30
1	-1	30
2	-1	27
2	-1	41
1	-1	34
3	-1	54
3	-1	54
2	-1	86
1	14	84
1	-1	45
1	-1	45
4	-1	24
2	-1	26
1	-1	86
2	-1	84
3	-1	85
2	-1	38
3	-1	38
2	-1	30
7	-1	41
2	-1	23
4	9	23
0	0	84
1	-1	23
1	-1	28
0	6	86
0	-1	86
1	-1	37
1	-1	25
8	-1	49
6	-1	49
1	-1	33
4	-1	35
3	-1	35
3	-1	26
2	-1	85
3	-1	37
0	0	84
2	4	21
0	-1	84
0	-1	84
0	-1	25
2	8	22
2	-1	21
2	-1	30
3	-1	30
0	-1	20
5	-1	29
6	-1	85
5	-1	85
1	-1	31
2	-1	31
5	-1	85
1	-1	29
3	-1	85
3	-1	24
0	-1	85
0	-1	85
1	-1	24
3	-1	23
1	-1	32
2	-1	29
0	0	86
3	-1	27
0	0	85
1	-1	83
1	3	85
3	-1	25
4	-1	86
0	-1	86
5	-1	83
2	-1	28
4	-1	46
4	-1	46
3	-1	30
3	4	20
0	0	85
0	-1	34
0	-1	85
1	10	85
1	-1	85
1	-1	86
2	3	22
6	6	23
0	13	86
1	6	84
2	-1	37
0	0	86
3	-1	32
0	-1	41
1	-1	86
0	0	85
1	-1	84
0	0	85
1	-1	22
1	-1	34
5	7	23
2	-1	27
0	0	86
4	-1	54
0	-1	36
0	-1	36
6	-1	31
0	0	86
2	-1	47
2	-1	41
1	1	86
0	0	85
2	2	86
1	-1	22
2	-1	32
1	-1	32
0	-1	50
4	-1	85
2	-1	34
4	-1	52
2	-1	49
0	-1	25
3	-1	33
1	12	86
0	-1	26
1	-1	22
4	-1	27
6	-1	55
6	-1	55
2	-1	21
6	9	23
6	-1	34
5	-1	34
1	-1	21
1	-1	86
2	-1	85
0	0	86
0	0	86
0	0	24
2	-1	22
3	-1	24
2	-1	34
4	-1	29
2	-1	24
4	-1	24
1	-1	33
0	0	86
4	5	20
1	-1	34
4	-1	26
4	-1	84
0	-1	84
3	-1	24
3	-1	85
0	-1	82
0	-1	86
0	-1	86
2	-1	36
6	-1	52
0	-1	85
4	-1	51
3	-1	52
0	-1	43
0	2	85
1	5	22
1	-1	22
3	-1	28
1	-1	27
2	-1	23
2	-1	23
5	-1	53
5	-1	53
2	-1	22
2	-1	24
3	-1	27
3	-1	26
2	2	20
2	-1	29
0	-1	32
3	-1	28
3	-1	36
2	-1	36
0	0	86
3	-1	23
2	-1	24
3	-1	38
2	-1	38
1	-1	20
3	-1	21
2	-1	28
0	13	85
1	-1	85
1	-1	26
0	13	86
0	-1	84
2	-1	22
0	0	86
4	-1	42
0	-1	24
0	-1	21
0	-1	84
0	10	83
0	1	82
2	-1	23
1	-1	31
0	-1	84
0	0	86
0	-1	85
0	0	86
0	0	82
2	-1	21
1	-1	23
3	-1	81
2	-1	37
0	0	85
2	-1	27
3	-1	28
1	1	86
4	6	24
4	-1	23
2	-1	39
2	-1	29
4	5	20
1	-1	26
0	-1	26
0	0	86
0	0	86
3	-1	86
5	-1	44
1	-1	84
0	9	85
7	-1	38
3	-1	27
3	-1	25
2	-1	36
1	3	22
0	0	85
0	0	86
2	5	20
5	-1	32
0	-1	25
3	-1	51
3	-1	21
2	-1	27
25	-1	85
1	-1	20
6	-1	31
5	-1	31
0	8	85
5	-1	49
0	-1	86
0	-1	85
4	6	23
0	-1	86
2	-1	40
0	-1	23
3	-1	23
4	-1	85
4	-1	22
2	-1	77
0	0	85
0	7	85
1	-1	84
4	-1	26
2	-1	25
1	-1	24
0	-1	23
0	0	86
2	-1	22
0	-1	86
0	-1	85
3	-1	85
1	-1	23
1	-1	25
0	0	85
0	-1	84
0	0	85
1	-1	37
1	-1	37
0	0	86
2	-1	28
3	-1	44
17	-1	86
0	-1	85
0	-1	84
1	-1	86
0	10	85
0	-1	28
2	-1	28
0	0	86
2	5	21
4	-1	85
0	0	86
3	-1	27
0	-1	75
5	-1	25
0	0	85
0	10	86
0	8	86
2	-1	26
1	-1	84
2	-1	24
0	-1	36
0	-1	36
4	-1	23
0	-1	85
0	-1	84
4	-1	85
1	5	24
3	-1	23
1	-1	32
3	-1	21
4	-1	82
0	0	86
2	-1	27
2	-1	29
0	2	21
3	-1	26
0	-1	26
2	-1	36
1	-1	23
0	-1	26
1	-1	22
4	-1	28
4	-1	25
2	7	23
1	-1	85
1	-1	22
4	-1	35
4	-1	28
1	-1	81
0	-1	86
5	-1	24
2	-1	30
2	-1	27
3	6	21
3	-1	35
3	-1	35
0	-1	22
0	0	86
1	-1	32
2	2	85
2	-1	23
0	0	85
0	0	86
2	-1	24
0	-1	26
5	10	25
3	-1	33
3	-1	36
3	-1	32
4	-1	23
1	-1	26
1	-1	22
5	-1	85
5	-1	27
3	-1	34
3	-1	34
5	-1	85
1	-1	22
4	-1	85
1	-1	42
0	9	85
0	7	86
1	-1	21
4	-1	29
5	-1	86
3	-1	85
1	-1	37
0	0	86
0	0	86
0	0	86
0	-1	24
0	-1	28
1	-1	28
1	-1	29
3	-1	29
2	-1	43
2	-1	25
1	5	22
1	-1	85
0	11	83
0	-1	26
0	-1	25
0	-1	85
0	-1	84
0	-1	31
2	-1	20
3	6	20
4	-1	48
3	-1	48
3	-1	23
4	-1	27
3	3	22
0	0	86
2	-1	21
3	-1	42
3	-1	34
2	-1	44
2	-1	44
0	0	85
0	0	83
1	-1	20
0	-1	85
1	-1	86
2	-1	26
1	-1	26
1	-1	26
2	-1	83
0	-1	85
0	12	85
3	-1	22
0	-1	34
6	-1	85
4	7	22
0	0	86
0	0	86
2	-1	26
7	-1	61
3	-1	85
3	-1	32
3	-1	24
12	-1	84
4	-1	42
1	-1	86
6	-1	37
6	-1	37
4	-1	32
4	-1	32
2	-1	32
0	2	86
0	7	85
3	-1	39
2	-1	51
2	-1	51
2	-1	32
1	-1	32
3	7	22
1	-1	34
1	4	22
1	3	23
5	-1	85
0	-1	86
1	-1	34
1	-1	34
0	4	20
4	-1	37
3	-1	37
1	2	20
2	-1	27
1	-1	28
2	-1	85
0	0	86
3	-1	20
0	12	84
0	-1	85
0	-1	85
1	5	20
4	-1	25
0	-1	85
4	8	27
1	-1	21
4	9	23
3	-1	28
2	-1	48
0	-1	26
1	-1	30
0	0	86
1	-1	21
0	0	85
3	6	20
2	-1	27
3	-1	24
2	-1	22
4	5	21
5	-1	27
4	-1	28
3	-1	33
3	-1	33
19	-1	84
3	-1	84
9	-1	60
1	2	21
0	-1	22
3	4	20
2	13	85
0	-1	85
1	-1	37
1	-1	86
2	-1	85
0	11	86
0	4	86
4	7	24
1	-1	30
0	1	85
0	9	85
9	-1	84
2	-1	85
2	-1	26
3	-1	22
4	-1	28
3	-1	35
0	-1	23
2	-1	85
0	-1	83
4	-1	85
1	-1	85
0	-1	85
1	-1	85
0	-1	85
4	-1	85
1	-1	85
0	1	85
0	-1	85
3	-1	85
0	1	85
0	-1	85
0	1	66
0	1	85
4	-1	85
4	5	20
7	-1	52
5	-1	52
6	8	25
4	-1	24
0	-1	85
5	-1	86
2	-1	30
0	-1	32
1	-1	32
0	0	85
6	-1	49
6	-1	30
5	-1	30
6	-1	59
3	-1	24
3	-1	25
3	-1	29
4	-1	85
0	-1	20
4	-1	26
2	-1	34
2	-1	26
4	-1	23
3	-1	60
4	6	20
5	-1	33
2	6	22
0	-1	29
0	-1	29
2	-1	28
0	7	86
0	10	86
1	2	20
2	5	20
0	-1	85
0	5	76
1	-1	85
0	8	86
0	0	86
7	-1	49
0	1	20
1	-1	23
1	3	21
0	-1	24
1	-1	24
3	-1	28
3	-1	24
3	5	22
2	-1	23
1	-1	85
0	-1	31
4	-1	25
0	-1	86
4	-1	27
1	-1	85
1	-1	86
1	-1	23
8	-1	73
9	-1	73
4	-1	26
0	0	84
3	8	23
4	9	23
2	4	22
5	-1	62
3	-1	25
0	2	27
2	-1	45
2	5	20
3	7	20
3	-1	21
6	-1	85
0	-1	86
1	-1	33
0	-1	33
3	-1	54
1	-1	23
1	-1	41
2	5	20
3	-1	33
0	0	86
0	0	86
4	-1	32
3	-1	32
2	4	21
2	-1	44
1	-1	85
1	-1	21
5	-1	86
2	-1	35
2	-1	35
4	-1	28
3	4	21
2	4	22
0	-1	22
0	0	86
2	-1	25
2	6	20
1	-1	23
2	5	20
2	-1	27
3	-1	29
3	-1	29
2	-1	69
4	-1	40
0	0	86
0	0	85
1	-1	86
3	-1	30
0	-1	28
2	-1	30
0	-1	86
2	-1	40
2	-1	40
0	0	86
2	-1	21
2	-1	85
0	0	67
2	5	20
0	-1	22
1	-1	85
0	0	85
0	0	86
1	-1	86
0	0	74
0	0	86
0	0	86
0	0	86
0	0	86
0	0	21
0	1	24
3	-1	38
5	-1	40
3	-1	22
1	10	86
3	10	20
0	-1	84
0	0	86
0	0	86
3	-1	85
0	0	86
0	0	86
3	-1	85
0	8	86
2	-1	85
1	-1	22
0	-1	80
4	-1	84
0	-1	85
0	-1	75
1	-1	21
2	2	86
2	-1	85
1	1	48
0	0	86
3	-1	85
0	-1	86
1	-1	21
3	-1	24
2	-1	85
0	-1	85
0	2	84
0	-1	82
6	-1	86
4	-1	85
0	-1	85
0	0	22
0	-1	86
1	-1	85
0	-1	85
0	9	86
1	-1	85
0	-1	85
0	-1	84
0	-1	85
0	11	85
0	-1	84
5	-1	82
1	-1	86
1	-1	86
0	19	86
0	-1	58
1	17	85
0	-1	86
0	-1	85
1	5	80
0	-1	85
