CpG context
===========
position	count methylated	count unmethylated	% methylation	coverage
1	15655	3465	81.88	19120
2	16220	3505	82.23	19725
3	16746	3412	83.07	20158
4	16657	3501	82.63	20158
5	16979	3608	82.47	20587
6	17627	3384	83.89	21011
7	17556	3439	83.62	20995
8	17014	3422	83.26	20436
9	17307	3348	83.79	20655
10	17146	3260	84.02	20406
11	17541	3428	83.65	20969
12	17017	3420	83.27	20437
13	16908	3455	83.03	20363
14	16948	3287	83.76	20235
15	16983	3398	83.33	20381
16	17008	3328	83.63	20336
17	16544	3346	83.18	19890
18	15887	3223	83.13	19110
19	16533	3424	82.84	19957
20	16403	3395	82.85	19798
21	16713	3393	83.12	20106
22	16541	3253	83.57	19794
23	15569	3211	82.90	18780
24	15371	3215	82.70	18586
25	15644	3309	82.54	18953
26	15594	3227	82.85	18821
27	15340	3187	82.80	18527
28	14933	3336	81.74	18269
29	15439	3225	82.72	18664
30	15335	3150	82.96	18485
31	15177	3226	82.47	18403
32	15101	3259	82.25	18360
33	15399	3174	82.91	18573
34	15297	3170	82.83	18467
35	14685	3130	82.43	17815
36	15751	3333	82.54	19084
37	15411	3176	82.91	18587
38	15564	3223	82.84	18787
39	15934	3287	82.90	19221
40	15005	3252	82.19	18257
41	14862	3217	82.21	18079
42	15098	3228	82.39	18326
43	15576	3179	83.05	18755
44	15180	3269	82.28	18449
45	15275	3080	83.22	18355
46	15333	3198	82.74	18531
47	14594	3196	82.03	17790
48	15010	3185	82.50	18195
49	14875	3178	82.40	18053
50	14492	3155	82.12	17647
51	14668	3216	82.02	17884
52	15121	3232	82.39	18353
53	15471	3111	83.26	18582
54	15321	3056	83.37	18377
55	14941	3185	82.43	18126
56	14474	3119	82.27	17593
57	14608	3169	82.17	17777
58	14340	3110	82.18	17450
59	14524	3040	82.69	17564
60	14727	3099	82.62	17826
61	14701	3102	82.58	17803
62	15301	3130	83.02	18431
63	14782	3042	82.93	17824
64	14627	3151	82.28	17778
65	14899	3199	82.32	18098
66	14709	3088	82.65	17797
67	14664	3019	82.93	17683
68	14738	3051	82.85	17789
69	14902	3180	82.41	18082
70	15153	3121	82.92	18274
71	14981	3241	82.21	18222
72	15285	3051	83.36	18336
73	14994	3168	82.56	18162
74	14868	3033	83.06	17901
75	14748	3103	82.62	17851
76	14253	3128	82.00	17381
77	14632	3076	82.63	17708
78	14408	3167	81.98	17575
79	14497	3100	82.38	17597
80	14699	2982	83.13	17681
81	14461	2940	83.10	17401
82	14470	2978	82.93	17448
83	14422	3105	82.28	17527
84	14424	3060	82.50	17484
85	14232	3033	82.43	17265
86	14448	3085	82.40	17533
87	13936	3068	81.96	17004
88	14126	2935	82.80	17061
89	14005	3033	82.20	17038
90	14314	2977	82.78	17291
91	14426	3050	82.55	17476
92	14480	3041	82.64	17521
93	14272	2873	83.24	17145
94	14427	3114	82.25	17541
95	14658	3032	82.86	17690
96	14238	2989	82.65	17227
97	14199	2964	82.73	17163
98	14289	2910	83.08	17199
99	14308	2984	82.74	17292
100	14540	2889	83.42	17429
101	14479	2850	83.55	17329
102	14700	3001	83.05	17701
103	14209	2964	82.74	17173
104	14326	2965	82.85	17291
105	14412	3008	82.73	17420
106	14035	2906	82.85	16941
107	14132	2871	83.11	17003
108	13753	2776	83.21	16529
109	13699	2892	82.57	16591
110	13747	2737	83.40	16484
111	13552	2674	83.52	16226
112	13551	2813	82.81	16364
113	13609	2765	83.11	16374
114	13424	2701	83.25	16125
115	13199	2763	82.69	15962
116	13452	2682	83.38	16134
117	13006	2614	83.27	15620
118	12824	2804	82.06	15628
119	12621	2692	82.42	15313
120	12896	2616	83.14	15512
121	12790	2625	82.97	15415
122	12553	2610	82.79	15163
123	12466	2562	82.95	15028
124	12433	2613	82.63	15046
125	12177	2611	82.34	14788
126	11716	2475	82.56	14191
127	11493	2416	82.63	13909
128	10915	2221	83.09	13136
129	7513	0	100.00	7513

CHG context
===========
position	count methylated	count unmethylated	% methylation	coverage
1	3407	86571	3.79	89978
2	3597	85232	4.05	88829
3	3521	85434	3.96	88955
4	3609	84143	4.11	87752
5	3696	83807	4.22	87503
6	4018	86718	4.43	90736
7	3857	83136	4.43	86993
8	3631	84010	4.14	87641
9	3708	82474	4.30	86182
10	3651	80878	4.32	84529
11	3724	80011	4.45	83735
12	3650	81128	4.31	84778
13	3766	80693	4.46	84459
14	3784	83192	4.35	86976
15	3775	81368	4.43	85143
16	3660	82283	4.26	85943
17	3624	79861	4.34	83485
18	3746	80660	4.44	84406
19	3607	78618	4.39	82225
20	3611	78633	4.39	82244
21	3644	79644	4.38	83288
22	3767	80611	4.46	84378
23	3862	81203	4.54	85065
24	3835	80252	4.56	84087
25	3708	80124	4.42	83832
26	3731	79895	4.46	83626
27	3762	80283	4.48	84045
28	3713	77897	4.55	81610
29	3631	78941	4.40	82572
30	3635	79327	4.38	82962
31	3631	79721	4.36	83352
32	3740	80335	4.45	84075
33	3752	80101	4.47	83853
34	3742	77636	4.60	81378
35	3692	77426	4.55	81118
36	3800	77185	4.69	80985
37	3826	78018	4.67	81844
38	3772	79013	4.56	82785
39	3784	79167	4.56	82951
40	3691	78957	4.47	82648
41	3661	77944	4.49	81605
42	3781	79353	4.55	83134
43	3787	79039	4.57	82826
44	3780	77606	4.64	81386
45	3803	78605	4.61	82408
46	3794	78317	4.62	82111
47	3833	79662	4.59	83495
48	3775	77850	4.62	81625
49	3684	77972	4.51	81656
50	3841	77188	4.74	81029
51	3651	77599	4.49	81250
52	3783	78101	4.62	81884
53	3817	77727	4.68	81544
54	3892	77497	4.78	81389
55	3719	77273	4.59	80992
56	3651	77273	4.51	80924
57	3879	76572	4.82	80451
58	3803	76135	4.76	79938
59	3628	75953	4.56	79581
60	3635	75922	4.57	79557
61	3559	76415	4.45	79974
62	3819	76806	4.74	80625
63	3495	76731	4.36	80226
64	3762	76446	4.69	80208
65	3599	76110	4.52	79709
66	3749	77168	4.63	80917
67	3712	75603	4.68	79315
68	3792	76449	4.73	80241
69	3553	76771	4.42	80324
70	3602	76232	4.51	79834
71	3691	76010	4.63	79701
72	3598	76107	4.51	79705
73	3713	76607	4.62	80320
74	3762	75621	4.74	79383
75	3818	76058	4.78	79876
76	3712	77664	4.56	81376
77	3650	76118	4.58	79768
78	3860	76770	4.79	80630
79	3800	76886	4.71	80686
80	3686	76721	4.58	80407
81	3716	76436	4.64	80152
82	3630	76032	4.56	79662
83	3558	77234	4.40	80792
84	3702	75529	4.67	79231
85	3901	75523	4.91	79424
86	3671	75326	4.65	78997
87	3900	75306	4.92	79206
88	3724	75802	4.68	79526
89	3728	74758	4.75	78486
90	3703	74854	4.71	78557
91	3509	72966	4.59	76475
92	3596	73912	4.64	77508
93	3498	72715	4.59	76213
94	3684	71934	4.87	75618
95	3689	72977	4.81	76666
96	3613	72524	4.75	76137
97	3725	71723	4.94	75448
98	3547	72129	4.69	75676
99	3567	71584	4.75	75151
100	3489	71362	4.66	74851
101	3523	69999	4.79	73522
102	3637	70756	4.89	74393
103	3461	70215	4.70	73676
104	3628	70886	4.87	74514
105	3657	69552	5.00	73209
106	3547	70161	4.81	73708
107	3470	70466	4.69	73936
108	3595	70647	4.84	74242
109	3666	69813	4.99	73479
110	3607	70100	4.89	73707
111	3609	70564	4.87	74173
112	3657	69663	4.99	73320
113	3558	68972	4.91	72530
114	3461	68847	4.79	72308
115	3332	68407	4.64	71739
116	3544	68532	4.92	72076
117	3505	68799	4.85	72304
118	3408	68155	4.76	71563
119	3453	67811	4.85	71264
120	3358	66745	4.79	70103
121	3490	66147	5.01	69637
122	3255	65913	4.71	69168
123	3350	64765	4.92	68115
124	3425	64587	5.04	68012
125	3258	62485	4.96	65743
126	3233	61076	5.03	64309
127	2912	58759	4.72	61671
128	2774	54056	4.88	56830
129	1605	0	100.00	1605

CHH context
===========
position	count methylated	count unmethylated	% methylation	coverage
1	13747	283887	4.62	297634
2	14417	280169	4.89	294586
3	14214	277866	4.87	292080
4	14662	274382	5.07	289044
5	15045	271024	5.26	286069
6	15590	269705	5.46	285295
7	15686	270393	5.48	286079
8	15802	276172	5.41	291974
9	15543	276690	5.32	292233
10	15902	271983	5.52	287885
11	15989	270735	5.58	286724
12	15502	267136	5.48	282638
13	15629	267606	5.52	283235
14	15464	264252	5.53	279716
15	15971	268451	5.62	284422
16	15352	266015	5.46	281367
17	15141	265438	5.40	280579
18	15288	263766	5.48	279054
19	15014	263060	5.40	278074
20	15230	263345	5.47	278575
21	15126	262998	5.44	278124
22	15231	261361	5.51	276592
23	15185	262818	5.46	278003
24	15229	264968	5.44	280197
25	15440	263519	5.53	278959
26	15509	263203	5.56	278712
27	15348	262098	5.53	277446
28	15420	261593	5.57	277013
29	15377	260958	5.56	276335
30	15299	261109	5.53	276408
31	14976	261770	5.41	276746
32	15112	262277	5.45	277389
33	15003	262387	5.41	277390
34	15475	265829	5.50	281304
35	15256	262756	5.49	278012
36	15451	261943	5.57	277394
37	15331	263280	5.50	278611
38	15668	264944	5.58	280612
39	15603	267258	5.52	282861
40	15426	269054	5.42	284480
41	15311	269521	5.38	284832
42	15256	267252	5.40	282508
43	15853	269500	5.56	285353
44	15755	270442	5.50	286197
45	15847	268784	5.57	284631
46	16093	266707	5.69	282800
47	15766	268275	5.55	284041
48	16083	268603	5.65	284686
49	16014	269100	5.62	285114
50	15504	269964	5.43	285468
51	15595	270625	5.45	286220
52	15501	267127	5.48	282628
53	15530	268514	5.47	284044
54	15572	268086	5.49	283658
55	15741	268819	5.53	284560
56	15599	269130	5.48	284729
57	15671	268675	5.51	284346
58	15226	266864	5.40	282090
59	15912	267624	5.61	283536
60	15500	266513	5.50	282013
61	15451	265282	5.50	280733
62	15338	263544	5.50	278882
63	15720	263704	5.63	279424
64	15635	263790	5.60	279425
65	15577	263103	5.59	278680
66	15532	265107	5.53	280639
67	15765	265229	5.61	280994
68	15458	264456	5.52	279914
69	15868	264246	5.66	280114
70	15193	266738	5.39	281931
71	15696	265747	5.58	281443
72	15460	264943	5.51	280403
73	15673	266472	5.55	282145
74	15523	265796	5.52	281319
75	15761	266162	5.59	281923
76	15686	268543	5.52	284229
77	15851	266291	5.62	282142
78	15516	266269	5.51	281785
79	15637	264389	5.58	280026
80	15704	265229	5.59	280933
81	15673	264488	5.59	280161
82	15046	264480	5.38	279526
83	15253	261563	5.51	276816
84	15542	262009	5.60	277551
85	15642	260477	5.66	276119
86	15507	260226	5.62	275733
87	15774	259060	5.74	274834
88	15537	259993	5.64	275530
89	15426	259651	5.61	275077
90	15736	258096	5.75	273832
91	15609	258946	5.69	274555
92	15356	258610	5.61	273966
93	15504	257103	5.69	272607
94	15552	256142	5.72	271694
95	15190	254526	5.63	269716
96	15219	254109	5.65	269328
97	15426	253437	5.74	268863
98	14853	252780	5.55	267633
99	15280	253240	5.69	268520
100	15263	252975	5.69	268238
101	15071	250593	5.67	265664
102	14938	250372	5.63	265310
103	15005	249483	5.67	264488
104	15079	248417	5.72	263496
105	15082	248892	5.71	263974
106	14910	246701	5.70	261611
107	14890	245668	5.71	260558
108	14873	243917	5.75	258790
109	14611	243291	5.67	257902
110	14479	240881	5.67	255360
111	14614	242001	5.69	256615
112	14349	240498	5.63	254847
113	14414	240542	5.65	254956
114	14511	238210	5.74	252721
115	14609	238205	5.78	252814
116	14556	237132	5.78	251688
117	14622	236416	5.82	251038
118	14521	235760	5.80	250281
119	14622	235209	5.85	249831
120	13968	234812	5.61	248780
121	14115	231900	5.74	246015
122	13902	229069	5.72	242971
123	13945	227818	5.77	241763
124	13668	225386	5.72	239054
125	13399	221670	5.70	235069
126	13435	216418	5.85	229853
127	11919	207462	5.43	219381
128	10740	188825	5.38	199565
129	5825	0	100.00	5825

