CpG context
===========
position	count methylated	count unmethylated	% methylation	coverage
1	83	60	58.04	143
2	100	36	73.53	136
3	97	30	76.38	127
4	88	31	73.95	119
5	93	22	80.87	115
6	92	21	81.42	113
7	78	20	79.59	98
8	124	13	90.51	137
9	113	13	89.68	126
10	119	20	85.61	139
11	121	21	85.21	142
12	112	14	88.89	126
13	116	16	87.88	132
14	99	20	83.19	119
15	117	19	86.03	136
16	103	23	81.75	126
17	125	15	89.29	140
18	130	20	86.67	150
19	118	14	89.39	132
20	103	19	84.43	122
21	95	24	79.83	119
22	90	26	77.59	116
23	135	24	84.91	159
24	134	16	89.33	150
25	124	37	77.02	161
26	133	27	83.12	160
27	132	20	86.84	152
28	125	16	88.65	141
29	104	20	83.87	124
30	118	25	82.52	143
31	95	21	81.90	116
32	120	24	83.33	144
33	107	17	86.29	124
34	94	29	76.42	123
35	134	20	87.01	154
36	96	15	86.49	111
37	131	21	86.18	152
38	108	22	83.08	130
39	117	18	86.67	135
40	112	21	84.21	133
41	140	26	84.34	166
42	120	18	86.96	138
43	135	19	87.66	154
44	134	22	85.90	156
45	106	20	84.13	126
46	122	16	88.41	138
47	126	18	87.50	144
48	112	21	84.21	133
49	118	18	86.76	136
50	101	19	84.17	120
51	111	19	85.38	130
52	126	17	88.11	143
53	104	18	85.25	122
54	114	18	86.36	132
55	109	20	84.50	129
56	116	18	86.57	134
57	127	20	86.39	147
58	107	22	82.95	129
59	136	31	81.44	167
60	86	19	81.90	105
61	91	19	82.73	110
62	94	25	78.99	119
63	93	14	86.92	107
64	72	9	88.89	81
65	97	17	85.09	114
66	92	9	91.09	101
67	108	16	87.10	124
68	92	24	79.31	116
69	101	26	79.53	127
70	94	15	86.24	109
71	111	15	88.10	126
72	74	28	72.55	102
73	94	18	83.93	112
74	99	23	81.15	122
75	106	24	81.54	130
76	95	12	88.79	107
77	101	23	81.45	124
78	117	14	89.31	131
79	118	25	82.52	143
80	97	21	82.20	118
81	98	18	84.48	116
82	96	20	82.76	116
83	118	25	82.52	143
84	104	24	81.25	128
85	117	30	79.59	147
86	108	22	83.08	130
87	118	22	84.29	140
88	91	26	77.78	117
89	95	15	86.36	110
90	100	16	86.21	116
91	104	20	83.87	124
92	102	12	89.47	114
93	106	10	91.38	116
94	88	25	77.88	113
95	98	14	87.50	112
96	116	20	85.29	136
97	106	14	88.33	120
98	123	25	83.11	148
99	107	23	82.31	130
100	116	20	85.29	136
101	145	19	88.41	164
102	121	18	87.05	139
103	124	23	84.35	147
104	125	18	87.41	143
105	102	21	82.93	123
106	91	19	82.73	110
107	80	18	81.63	98
108	83	11	88.30	94
109	82	16	83.67	98
110	114	21	84.44	135
111	90	25	78.26	115
112	121	28	81.21	149
113	121	26	82.31	147
114	121	18	87.05	139
115	118	27	81.38	145
116	108	14	88.52	122
117	98	20	83.05	118
118	105	12	89.74	117
119	90	22	80.36	112
120	84	19	81.55	103
121	89	22	80.18	111
122	94	24	79.66	118
123	92	18	83.64	110
124	97	18	84.35	115
125	76	24	76.00	100
126	102	21	82.93	123
127	90	16	84.91	106
128	98	17	85.22	115
129	101	19	84.17	120
130	134	27	83.23	161
131	118	22	84.29	140
132	111	18	86.05	129
133	90	19	82.57	109
134	105	19	84.68	124
135	100	21	82.64	121
136	95	20	82.61	115
137	91	26	77.78	117
138	106	18	85.48	124
139	97	20	82.91	117
140	110	25	81.48	135
141	104	27	79.39	131
142	87	16	84.47	103
143	112	38	74.67	150
144	91	34	72.80	125
145	93	24	79.49	117

CHG context
===========
position	count methylated	count unmethylated	% methylation	coverage
1	48	523	8.41	571
2	43	523	7.60	566
3	20	565	3.42	585
4	15	565	2.59	580
5	8	589	1.34	597
6	16	531	2.93	547
7	15	537	2.72	552
8	8	526	1.50	534
9	9	518	1.71	527
10	8	557	1.42	565
11	10	517	1.90	527
12	6	497	1.19	503
13	9	511	1.73	520
14	12	532	2.21	544
15	3	500	0.60	503
16	17	490	3.35	507
17	14	512	2.66	526
18	6	564	1.05	570
19	8	551	1.43	559
20	10	535	1.83	545
21	6	549	1.08	555
22	5	510	0.97	515
23	14	558	2.45	572
24	14	571	2.39	585
25	11	557	1.94	568
26	12	561	2.09	573
27	8	538	1.47	546
28	9	566	1.57	575
29	8	573	1.38	581
30	11	492	2.19	503
31	8	568	1.39	576
32	4	575	0.69	579
33	9	596	1.49	605
34	6	607	0.98	613
35	11	573	1.88	584
36	2	524	0.38	526
37	13	530	2.39	543
38	8	519	1.52	527
39	11	519	2.08	530
40	9	537	1.65	546
41	11	485	2.22	496
42	12	491	2.39	503
43	14	521	2.62	535
44	15	507	2.87	522
45	3	505	0.59	508
46	11	515	2.09	526
47	8	569	1.39	577
48	9	536	1.65	545
49	6	493	1.20	499
50	10	554	1.77	564
51	9	529	1.67	538
52	9	533	1.66	542
53	5	503	0.98	508
54	14	536	2.55	550
55	11	493	2.18	504
56	8	519	1.52	527
57	6	551	1.08	557
58	7	561	1.23	568
59	14	538	2.54	552
60	8	567	1.39	575
61	9	539	1.64	548
62	9	525	1.69	534
63	6	530	1.12	536
64	7	577	1.20	584
65	7	486	1.42	493
66	13	504	2.51	517
67	8	505	1.56	513
68	10	530	1.85	540
69	10	520	1.89	530
70	10	510	1.92	520
71	6	536	1.11	542
72	7	487	1.42	494
73	9	522	1.69	531
74	5	527	0.94	532
75	11	457	2.35	468
76	7	509	1.36	516
77	5	586	0.85	591
78	6	509	1.17	515
79	8	530	1.49	538
80	10	517	1.90	527
81	10	518	1.89	528
82	8	571	1.38	579
83	11	575	1.88	586
84	25	548	4.36	573
85	5	570	0.87	575
86	7	552	1.25	559
87	8	555	1.42	563
88	12	543	2.16	555
89	9	532	1.66	541
90	6	524	1.13	530
91	11	595	1.82	606
92	8	578	1.37	586
93	11	505	2.13	516
94	7	491	1.41	498
95	6	525	1.13	531
96	13	476	2.66	489
97	7	506	1.36	513
98	8	469	1.68	477
99	10	500	1.96	510
100	5	495	1.00	500
101	9	498	1.78	507
102	13	511	2.48	524
103	9	512	1.73	521
104	12	476	2.46	488
105	10	538	1.82	548
106	12	523	2.24	535
107	7	518	1.33	525
108	7	533	1.30	540
109	7	463	1.49	470
110	11	535	2.01	546
111	16	547	2.84	563
112	9	525	1.69	534
113	8	487	1.62	495
114	5	568	0.87	573
115	12	520	2.26	532
116	7	534	1.29	541
117	4	527	0.75	531
118	9	538	1.65	547
119	8	522	1.51	530
120	11	508	2.12	519
121	12	549	2.14	561
122	11	518	2.08	529
123	11	525	2.05	536
124	6	494	1.20	500
125	6	508	1.17	514
126	7	475	1.45	482
127	5	534	0.93	539
128	11	460	2.34	471
129	4	487	0.81	491
130	10	530	1.85	540
131	10	552	1.78	562
132	3	477	0.62	480
133	5	502	0.99	507
134	4	450	0.88	454
135	5	522	0.95	527
136	11	499	2.16	510
137	2	534	0.37	536
138	10	520	1.89	530
139	5	492	1.01	497
140	6	552	1.08	558
141	8	491	1.60	499
142	9	510	1.73	519
143	8	463	1.70	471
144	7	502	1.38	509
145	12	469	2.49	481

CHH context
===========
position	count methylated	count unmethylated	% methylation	coverage
1	211	1702	11.03	1913
2	199	1743	10.25	1942
3	153	1856	7.62	2009
4	134	1829	6.83	1963
5	111	1879	5.58	1990
6	85	1968	4.14	2053
7	116	1896	5.77	2012
8	119	1928	5.81	2047
9	94	2021	4.44	2115
10	113	1964	5.44	2077
11	94	1970	4.55	2064
12	122	2033	5.66	2155
13	101	2124	4.54	2225
14	109	2042	5.07	2151
15	109	2133	4.86	2242
16	104	2086	4.75	2190
17	110	2127	4.92	2237
18	94	1983	4.53	2077
19	98	1986	4.70	2084
20	103	1928	5.07	2031
21	91	1960	4.44	2051
22	120	2002	5.66	2122
23	134	1921	6.52	2055
24	97	1980	4.67	2077
25	95	2076	4.38	2171
26	118	1923	5.78	2041
27	99	2000	4.72	2099
28	107	1971	5.15	2078
29	95	1924	4.71	2019
30	98	1917	4.86	2015
31	123	1912	6.04	2035
32	116	1883	5.80	1999
33	98	1924	4.85	2022
34	95	1878	4.82	1973
35	112	1987	5.34	2099
36	103	2027	4.84	2130
37	95	2022	4.49	2117
38	105	1996	5.00	2101
39	102	2014	4.82	2116
40	100	2029	4.70	2129
41	100	2027	4.70	2127
42	117	2009	5.50	2126
43	119	2104	5.35	2223
44	103	2100	4.68	2203
45	106	2077	4.86	2183
46	100	2024	4.71	2124
47	124	2128	5.51	2252
48	93	1962	4.53	2055
49	105	2043	4.89	2148
50	132	2005	6.18	2137
51	113	1977	5.41	2090
52	119	2032	5.53	2151
53	122	2056	5.60	2178
54	95	2021	4.49	2116
55	100	2013	4.73	2113
56	105	2022	4.94	2127
57	103	2125	4.62	2228
58	102	2080	4.67	2182
59	118	1999	5.57	2117
60	96	1958	4.67	2054
61	111	1962	5.35	2073
62	116	1995	5.50	2111
63	117	2007	5.51	2124
64	96	1992	4.60	2088
65	100	1988	4.79	2088
66	89	1977	4.31	2066
67	114	2008	5.37	2122
68	102	2001	4.85	2103
69	118	2015	5.53	2133
70	102	2134	4.56	2236
71	107	2121	4.80	2228
72	113	2105	5.09	2218
73	107	2137	4.77	2244
74	113	2159	4.97	2272
75	108	2212	4.66	2320
76	96	2201	4.18	2297
77	96	2067	4.44	2163
78	110	2034	5.13	2144
79	106	2049	4.92	2155
80	103	2007	4.88	2110
81	96	2092	4.39	2188
82	101	2056	4.68	2157
83	94	2103	4.28	2197
84	101	1966	4.89	2067
85	114	2004	5.38	2118
86	111	2059	5.12	2170
87	97	2031	4.56	2128
88	112	2053	5.17	2165
89	85	1979	4.12	2064
90	100	1930	4.93	2030
91	96	2023	4.53	2119
92	107	1998	5.08	2105
93	108	2022	5.07	2130
94	106	2043	4.93	2149
95	108	2051	5.00	2159
96	109	2086	4.97	2195
97	119	2055	5.47	2174
98	143	2195	6.12	2338
99	117	2195	5.06	2312
100	118	2118	5.28	2236
101	114	2115	5.11	2229
102	122	2125	5.43	2247
103	137	2161	5.96	2298
104	127	2133	5.62	2260
105	112	2088	5.09	2200
106	112	2027	5.24	2139
107	107	2119	4.81	2226
108	121	2101	5.45	2222
109	120	2117	5.36	2237
110	122	2193	5.27	2315
111	115	2075	5.25	2190
112	116	2124	5.18	2240
113	99	2107	4.49	2206
114	103	2124	4.63	2227
115	117	2071	5.35	2188
116	106	2127	4.75	2233
117	119	2053	5.48	2172
118	119	2122	5.31	2241
119	105	2081	4.80	2186
120	101	2052	4.69	2153
121	87	2005	4.16	2092
122	106	2056	4.90	2162
123	115	2078	5.24	2193
124	105	2061	4.85	2166
125	97	1937	4.77	2034
126	91	2015	4.32	2106
127	100	2029	4.70	2129
128	103	2078	4.72	2181
129	103	2115	4.64	2218
130	102	2068	4.70	2170
131	96	2137	4.30	2233
132	115	2087	5.22	2202
133	90	2113	4.09	2203
134	93	2155	4.14	2248
135	88	1999	4.22	2087
136	100	1968	4.84	2068
137	91	2011	4.33	2102
138	100	1985	4.80	2085
139	92	2011	4.37	2103
140	97	1986	4.66	2083
141	95	2064	4.40	2159
142	94	1967	4.56	2061
143	94	1979	4.53	2073
144	79	2012	3.78	2091
145	78	1875	3.99	1953

