CpG context
===========
position	count methylated	count unmethylated	% methylation	coverage
1	606	219	73.45	825
2	293	102	74.18	395
3	439	170	72.09	609
4	411	158	72.23	569
5	410	134	75.37	544
6	387	118	76.63	505
7	294	91	76.36	385
8	362	73	83.22	435
9	402	113	78.06	515
10	461	141	76.58	602
11	735	163	81.85	898
12	532	143	78.81	675
13	613	134	82.06	747
14	368	88	80.70	456
15	401	99	80.20	500
16	407	102	79.96	509
17	428	103	80.60	531
18	469	113	80.58	582
19	414	136	75.27	550
20	371	132	73.76	503
21	446	110	80.22	556
22	514	126	80.31	640
23	435	101	81.16	536
24	347	99	77.80	446
25	497	153	76.46	650
26	343	110	75.72	453
27	539	147	78.57	686
28	690	142	82.93	832
29	730	179	80.31	909
30	395	101	79.64	496
31	615	134	82.11	749
32	457	107	81.03	564
33	482	106	81.97	588
34	499	98	83.58	597
35	529	115	82.14	644
36	558	128	81.34	686
37	543	132	80.44	675
38	526	133	79.82	659
39	694	125	84.74	819
40	874	184	82.61	1058
41	560	130	81.16	690
42	330	111	74.83	441
43	556	108	83.73	664
44	444	122	78.45	566
45	470	118	79.93	588
46	389	101	79.39	490
47	617	154	80.03	771
48	462	124	78.84	586
49	613	146	80.76	759
50	458	102	81.79	560
51	547	128	81.04	675
52	666	149	81.72	815
53	388	133	74.47	521
54	389	129	75.10	518
55	492	152	76.40	644
56	626	191	76.62	817
57	659	153	81.16	812
58	392	108	78.40	500
59	557	155	78.23	712
60	380	118	76.31	498
61	596	140	80.98	736
62	352	113	75.70	465
63	537	161	76.93	698
64	412	108	79.23	520
65	338	122	73.48	460
66	221	68	76.47	289
67	425	115	78.70	540
68	479	128	78.91	607
69	539	112	82.80	651
70	338	103	76.64	441
71	407	114	78.12	521
72	423	66	86.50	489
73	396	97	80.32	493
74	302	70	81.18	372
75	323	91	78.02	414
76	255	91	73.70	346
77	345	79	81.37	424
78	357	101	77.95	458
79	408	105	79.53	513
80	341	99	77.50	440
81	336	76	81.55	412
82	382	127	75.05	509
83	405	110	78.64	515
84	544	128	80.95	672
85	582	145	80.06	727
86	413	113	78.52	526
87	466	140	76.90	606
88	394	105	78.96	499
89	545	106	83.72	651
90	340	87	79.63	427
91	494	143	77.55	637
92	421	114	78.69	535
93	367	119	75.51	486
94	392	85	82.18	477
95	385	79	82.97	464
96	495	108	82.09	603
97	585	120	82.98	705
98	630	140	81.82	770
99	472	100	82.52	572
100	458	106	81.21	564
101	472	104	81.94	576
102	284	93	75.33	377
103	325	82	79.85	407
104	356	97	78.59	453
105	396	128	75.57	524
106	297	79	78.99	376
107	429	93	82.18	522
108	294	81	78.40	375
109	464	123	79.05	587
110	442	123	78.23	565
111	312	71	81.46	383
112	379	121	75.80	500
113	491	148	76.84	639
114	543	150	78.35	693
115	455	133	77.38	588
116	492	163	75.11	655
117	380	76	83.33	456
118	326	97	77.07	423
119	403	80	83.44	483
120	335	118	73.95	453
121	373	127	74.60	500
122	297	83	78.16	380
123	307	103	74.88	410
124	285	107	72.70	392
125	445	137	76.46	582
126	295	85	77.63	380
127	266	100	72.68	366
128	281	92	75.34	373
129	201	0	100.00	201

CHG context
===========
position	count methylated	count unmethylated	% methylation	coverage
1	12	1541	0.77	1553
2	18	1221	1.45	1239
3	5	1525	0.33	1530
4	6	1272	0.47	1278
5	4	1153	0.35	1157
6	4	1024	0.39	1028
7	11	1085	1.00	1096
8	10	1226	0.81	1236
9	6	1284	0.47	1290
10	5	1227	0.41	1232
11	13	1171	1.10	1184
12	8	1257	0.63	1265
13	10	1417	0.70	1427
14	13	1252	1.03	1265
15	12	1101	1.08	1113
16	6	1156	0.52	1162
17	9	1185	0.75	1194
18	14	1297	1.07	1311
19	18	1483	1.20	1501
20	20	1762	1.12	1782
21	14	1795	0.77	1809
22	18	1655	1.08	1673
23	10	1541	0.64	1551
24	7	1449	0.48	1456
25	12	1158	1.03	1170
26	12	1220	0.97	1232
27	10	1206	0.82	1216
28	6	1547	0.39	1553
29	9	1402	0.64	1411
30	23	1494	1.52	1517
31	13	1202	1.07	1215
32	13	1302	0.99	1315
33	9	1346	0.66	1355
34	5	1101	0.45	1106
35	5	1167	0.43	1172
36	10	1153	0.86	1163
37	8	1286	0.62	1294
38	8	1106	0.72	1114
39	6	1000	0.60	1006
40	8	1081	0.73	1089
41	6	1107	0.54	1113
42	11	1327	0.82	1338
43	12	1131	1.05	1143
44	3	1172	0.26	1175
45	14	1222	1.13	1236
46	12	1158	1.03	1170
47	15	1441	1.03	1456
48	14	1486	0.93	1500
49	20	1491	1.32	1511
50	11	1513	0.72	1524
51	11	1416	0.77	1427
52	18	1603	1.11	1621
53	8	1244	0.64	1252
54	11	1301	0.84	1312
55	11	1238	0.88	1249
56	9	1343	0.67	1352
57	28	1425	1.93	1453
58	6	1455	0.41	1461
59	11	1366	0.80	1377
60	11	1287	0.85	1298
61	10	1244	0.80	1254
62	12	1488	0.80	1500
63	19	1208	1.55	1227
64	10	1125	0.88	1135
65	12	1159	1.02	1171
66	4	1075	0.37	1079
67	16	1109	1.42	1125
68	10	1260	0.79	1270
69	6	1208	0.49	1214
70	15	1221	1.21	1236
71	4	1255	0.32	1259
72	9	1175	0.76	1184
73	6	1159	0.52	1165
74	9	1086	0.82	1095
75	18	1112	1.59	1130
76	13	1414	0.91	1427
77	5	1220	0.41	1225
78	19	1407	1.33	1426
79	11	1631	0.67	1642
80	26	1617	1.58	1643
81	14	1459	0.95	1473
82	15	1440	1.03	1455
83	10	1188	0.83	1198
84	8	1146	0.69	1154
85	13	1159	1.11	1172
86	11	1433	0.76	1444
87	13	1366	0.94	1379
88	16	1404	1.13	1420
89	17	1111	1.51	1128
90	12	1069	1.11	1081
91	10	1251	0.79	1261
92	11	1166	0.93	1177
93	12	1242	0.96	1254
94	8	1062	0.75	1070
95	7	1149	0.61	1156
96	12	1211	0.98	1223
97	8	1223	0.65	1231
98	12	1224	0.97	1236
99	13	1303	0.99	1316
100	16	1289	1.23	1305
101	13	1358	0.95	1371
102	13	1297	0.99	1310
103	14	1178	1.17	1192
104	17	1329	1.26	1346
105	15	1267	1.17	1282
106	7	1518	0.46	1525
107	12	1516	0.79	1528
108	12	1611	0.74	1623
109	15	1560	0.95	1575
110	11	1484	0.74	1495
111	15	1277	1.16	1292
112	14	1335	1.04	1349
113	9	1157	0.77	1166
114	7	1336	0.52	1343
115	15	1217	1.22	1232
116	13	1290	1.00	1303
117	15	1299	1.14	1314
118	8	1053	0.75	1061
119	16	1127	1.40	1143
120	10	1131	0.88	1141
121	5	1169	0.43	1174
122	8	1086	0.73	1094
123	11	954	1.14	965
124	16	976	1.61	992
125	5	1006	0.49	1011
126	8	1128	0.70	1136
127	4	1012	0.39	1016
128	6	946	0.63	952
129	6	0	100.00	6

CHH context
===========
position	count methylated	count unmethylated	% methylation	coverage
1	56	5999	0.92	6055
2	58	5524	1.04	5582
3	82	5501	1.47	5583
4	60	5078	1.17	5138
5	28	4977	0.56	5005
6	61	5527	1.09	5588
7	55	5648	0.96	5703
8	81	6072	1.32	6153
9	43	5677	0.75	5720
10	62	5544	1.11	5606
11	52	5188	0.99	5240
12	51	5635	0.90	5686
13	56	6006	0.92	6062
14	42	5560	0.75	5602
15	49	5394	0.90	5443
16	42	5113	0.81	5155
17	34	4827	0.70	4861
18	32	4804	0.66	4836
19	84	5026	1.64	5110
20	60	4820	1.23	4880
21	55	5398	1.01	5453
22	47	4958	0.94	5005
23	53	5171	1.01	5224
24	131	5547	2.31	5678
25	53	5503	0.95	5556
26	43	5357	0.80	5400
27	50	5608	0.88	5658
28	56	5666	0.98	5722
29	58	5796	0.99	5854
30	55	6237	0.87	6292
31	55	6016	0.91	6071
32	53	5576	0.94	5629
33	48	5491	0.87	5539
34	41	5728	0.71	5769
35	56	5438	1.02	5494
36	52	6350	0.81	6402
37	71	6433	1.09	6504
38	46	6296	0.73	6342
39	60	5411	1.10	5471
40	56	5718	0.97	5774
41	40	5476	0.73	5516
42	31	5698	0.54	5729
43	57	5396	1.05	5453
44	39	5254	0.74	5293
45	39	5496	0.70	5535
46	52	5196	0.99	5248
47	35	5188	0.67	5223
48	39	4712	0.82	4751
49	44	5264	0.83	5308
50	35	4953	0.70	4988
51	38	5194	0.73	5232
52	28	5324	0.52	5352
53	34	5304	0.64	5338
54	41	5563	0.73	5604
55	57	5677	0.99	5734
56	47	5882	0.79	5929
57	57	5613	1.01	5670
58	58	5972	0.96	6030
59	46	5876	0.78	5922
60	31	5741	0.54	5772
61	65	5753	1.12	5818
62	37	5455	0.67	5492
63	48	5669	0.84	5717
64	34	5751	0.59	5785
65	41	5841	0.70	5882
66	52	5906	0.87	5958
67	44	5705	0.77	5749
68	39	6361	0.61	6400
69	41	6003	0.68	6044
70	46	5755	0.79	5801
71	45	5974	0.75	6019
72	49	6048	0.80	6097
73	38	5697	0.66	5735
74	51	5395	0.94	5446
75	43	5332	0.80	5375
76	35	5204	0.67	5239
77	41	5346	0.76	5387
78	48	5153	0.92	5201
79	62	5588	1.10	5650
80	56	5523	1.00	5579
81	49	5613	0.87	5662
82	42	5566	0.75	5608
83	47	5315	0.88	5362
84	71	5827	1.20	5898
85	65	5803	1.11	5868
86	59	5875	0.99	5934
87	50	5585	0.89	5635
88	50	5978	0.83	6028
89	71	6448	1.09	6519
90	65	6143	1.05	6208
91	79	6106	1.28	6185
92	51	6017	0.84	6068
93	59	5807	1.01	5866
94	58	5987	0.96	6045
95	58	5871	0.98	5929
96	62	6350	0.97	6412
97	86	5914	1.43	6000
98	74	6203	1.18	6277
99	56	5627	0.99	5683
100	49	5428	0.89	5477
101	53	5409	0.97	5462
102	52	5640	0.91	5692
103	59	5686	1.03	5745
104	51	5140	0.98	5191
105	73	5248	1.37	5321
106	82	5159	1.56	5241
107	63	5200	1.20	5263
108	47	4974	0.94	5021
109	51	5175	0.98	5226
110	64	5282	1.20	5346
111	44	5212	0.84	5256
112	39	5451	0.71	5490
113	53	5689	0.92	5742
114	44	6010	0.73	6054
115	56	5660	0.98	5716
116	55	5629	0.97	5684
117	57	5615	1.00	5672
118	59	5898	0.99	5957
119	65	5957	1.08	6022
120	51	5715	0.88	5766
121	58	5510	1.04	5568
122	51	5309	0.95	5360
123	48	5221	0.91	5269
124	57	5118	1.10	5175
125	61	5467	1.10	5528
126	55	5870	0.93	5925
127	29	5466	0.53	5495
128	29	4909	0.59	4938
129	13	0	100.00	13

