CpG context
===========
position	count methylated	count unmethylated	% methylation	coverage
1	78	41	65.55	119
2	84	53	61.31	137
3	88	20	81.48	108
4	79	32	71.17	111
5	72	17	80.90	89
6	83	19	81.37	102
7	84	15	84.85	99
8	74	14	84.09	88
9	78	14	84.78	92
10	101	17	85.59	118
11	86	20	81.13	106
12	91	17	84.26	108
13	96	13	88.07	109
14	91	21	81.25	112
15	100	10	90.91	110
16	89	19	82.41	108
17	77	25	75.49	102
18	92	16	85.19	108
19	74	19	79.57	93
20	83	19	81.37	102
21	81	16	83.51	97
22	109	14	88.62	123
23	108	19	85.04	127
24	86	23	78.90	109
25	111	25	81.62	136
26	85	24	77.98	109
27	91	12	88.35	103
28	84	17	83.17	101
29	87	19	82.08	106
30	85	18	82.52	103
31	80	17	82.47	97
32	79	26	75.24	105
33	81	14	85.26	95
34	80	12	86.96	92
35	91	23	79.82	114
36	80	9	89.89	89
37	88	12	88.00	100
38	90	15	85.71	105
39	112	14	88.89	126
40	92	13	87.62	105
41	88	20	81.48	108
42	84	23	78.50	107
43	98	24	80.33	122
44	104	24	81.25	128
45	99	17	85.34	116
46	98	16	85.96	114
47	98	16	85.96	114
48	97	12	88.99	109
49	89	22	80.18	111
50	82	14	85.42	96
51	90	11	89.11	101
52	82	19	81.19	101
53	80	21	79.21	101
54	102	19	84.30	121
55	112	22	83.58	134
56	108	12	90.00	120
57	84	22	79.25	106
58	111	24	82.22	135
59	77	12	86.52	89
60	76	14	84.44	90
61	67	13	83.75	80
62	74	10	88.10	84
63	103	21	83.06	124
64	73	11	86.90	84
65	66	12	84.62	78
66	75	12	86.21	87
67	83	26	76.15	109
68	86	19	81.90	105
69	99	11	90.00	110
70	77	18	81.05	95
71	93	16	85.32	109
72	63	14	81.82	77
73	84	15	84.85	99
74	76	9	89.41	85
75	96	16	85.71	112
76	76	15	83.52	91
77	76	16	82.61	92
78	75	12	86.21	87
79	64	22	74.42	86
80	67	19	77.91	86
81	81	24	77.14	105
82	82	12	87.23	94
83	104	12	89.66	116
84	90	24	78.95	114
85	93	17	84.55	110
86	98	13	88.29	111
87	92	10	90.20	102
88	59	14	80.82	73
89	77	15	83.70	92
90	82	24	77.36	106
91	91	20	81.98	111
92	65	10	86.67	75
93	75	15	83.33	90
94	97	14	87.39	111
95	70	12	85.37	82
96	68	14	82.93	82
97	102	11	90.27	113
98	114	14	89.06	128
99	94	17	84.68	111
100	102	12	89.47	114
101	110	13	89.43	123
102	107	26	80.45	133
103	99	20	83.19	119
104	90	16	84.91	106
105	88	17	83.81	105
106	79	16	83.16	95
107	95	18	84.07	113
108	74	18	80.43	92
109	88	14	86.27	102
110	91	18	83.49	109
111	79	17	82.29	96
112	93	18	83.78	111
113	112	21	84.21	133
114	90	18	83.33	108
115	92	16	85.19	108
116	99	23	81.15	122
117	69	14	83.13	83
118	74	23	76.29	97
119	97	19	83.62	116
120	86	10	89.58	96
121	77	10	88.51	87
122	82	14	85.42	96
123	63	22	74.12	85
124	79	13	85.87	92
125	61	17	78.21	78
126	76	9	89.41	85
127	88	7	92.63	95
128	82	21	79.61	103
129	81	16	83.51	97
130	77	18	81.05	95
131	89	13	87.25	102
132	80	19	80.81	99
133	61	22	73.49	83
134	84	13	86.60	97
135	75	20	78.95	95
136	75	21	78.12	96
137	81	16	83.51	97
138	84	23	78.50	107
139	78	17	82.11	95
140	78	17	82.11	95
141	93	16	85.32	109
142	83	30	73.45	113
143	88	16	84.62	104
144	91	18	83.49	109
145	65	22	74.71	87

CHG context
===========
position	count methylated	count unmethylated	% methylation	coverage
1	68	429	13.68	497
2	41	451	8.33	492
3	20	484	3.97	504
4	11	461	2.33	472
5	8	403	1.95	411
6	5	483	1.02	488
7	4	427	0.93	431
8	5	442	1.12	447
9	5	479	1.03	484
10	9	460	1.92	469
11	8	453	1.74	461
12	3	419	0.71	422
13	5	425	1.16	430
14	7	453	1.52	460
15	13	439	2.88	452
16	6	444	1.33	450
17	4	450	0.88	454
18	10	447	2.19	457
19	5	402	1.23	407
20	3	439	0.68	442
21	3	459	0.65	462
22	2	460	0.43	462
23	13	438	2.88	451
24	6	482	1.23	488
25	9	495	1.79	504
26	10	468	2.09	478
27	7	455	1.52	462
28	3	443	0.67	446
29	7	472	1.46	479
30	3	445	0.67	448
31	4	482	0.82	486
32	5	491	1.01	496
33	7	459	1.50	466
34	5	480	1.03	485
35	6	482	1.23	488
36	7	417	1.65	424
37	2	436	0.46	438
38	10	410	2.38	420
39	6	465	1.27	471
40	5	459	1.08	464
41	5	398	1.24	403
42	5	437	1.13	442
43	4	416	0.95	420
44	3	406	0.73	409
45	3	439	0.68	442
46	3	460	0.65	463
47	7	426	1.62	433
48	2	431	0.46	433
49	5	433	1.14	438
50	8	472	1.67	480
51	10	459	2.13	469
52	3	432	0.69	435
53	4	437	0.91	441
54	3	479	0.62	482
55	3	436	0.68	439
56	4	463	0.86	467
57	3	420	0.71	423
58	6	414	1.43	420
59	7	431	1.60	438
60	4	452	0.88	456
61	0	469	0.00	469
62	7	464	1.49	471
63	4	433	0.92	437
64	5	426	1.16	431
65	2	447	0.45	449
66	6	442	1.34	448
67	11	409	2.62	420
68	6	412	1.44	418
69	4	394	1.01	398
70	5	429	1.15	434
71	5	450	1.10	455
72	6	417	1.42	423
73	7	415	1.66	422
74	3	459	0.65	462
75	7	394	1.75	401
76	3	408	0.73	411
77	2	452	0.44	454
78	10	452	2.16	462
79	5	429	1.15	434
80	12	440	2.65	452
81	4	446	0.89	450
82	5	499	0.99	504
83	6	486	1.22	492
84	9	448	1.97	457
85	5	453	1.09	458
86	3	488	0.61	491
87	2	430	0.46	432
88	6	431	1.37	437
89	7	466	1.48	473
90	6	474	1.25	480
91	2	486	0.41	488
92	6	481	1.23	487
93	5	445	1.11	450
94	3	413	0.72	416
95	7	435	1.58	442
96	4	386	1.03	390
97	3	419	0.71	422
98	2	386	0.52	388
99	1	405	0.25	406
100	4	380	1.04	384
101	8	425	1.85	433
102	4	457	0.87	461
103	4	412	0.96	416
104	1	398	0.25	399
105	10	433	2.26	443
106	7	411	1.67	418
107	4	410	0.97	414
108	5	440	1.12	445
109	5	448	1.10	453
110	3	418	0.71	421
111	2	426	0.47	428
112	6	500	1.19	506
113	8	393	2.00	401
114	4	474	0.84	478
115	3	396	0.75	399
116	5	426	1.16	431
117	3	439	0.68	442
118	6	417	1.42	423
119	5	445	1.11	450
120	5	440	1.12	445
121	3	435	0.68	438
122	4	419	0.95	423
123	2	417	0.48	419
124	3	442	0.67	445
125	4	418	0.95	422
126	6	383	1.54	389
127	5	390	1.27	395
128	5	464	1.07	469
129	7	422	1.63	429
130	5	401	1.23	406
131	8	382	2.05	390
132	3	412	0.72	415
133	4	402	0.99	406
134	11	410	2.61	421
135	6	463	1.28	469
136	8	404	1.94	412
137	3	445	0.67	448
138	5	425	1.16	430
139	2	440	0.45	442
140	1	449	0.22	450
141	7	431	1.60	438
142	11	377	2.84	388
143	6	385	1.53	391
144	6	427	1.39	433
145	9	384	2.29	393

CHH context
===========
position	count methylated	count unmethylated	% methylation	coverage
1	233	1342	14.79	1575
2	184	1439	11.34	1623
3	154	1446	9.62	1600
4	141	1527	8.45	1668
5	129	1646	7.27	1775
6	122	1578	7.18	1700
7	126	1578	7.39	1704
8	119	1587	6.98	1706
9	98	1637	5.65	1735
10	132	1657	7.38	1789
11	114	1644	6.48	1758
12	120	1665	6.72	1785
13	131	1679	7.24	1810
14	101	1675	5.69	1776
15	126	1715	6.84	1841
16	105	1780	5.57	1885
17	124	1669	6.92	1793
18	115	1639	6.56	1754
19	128	1666	7.13	1794
20	124	1602	7.18	1726
21	120	1647	6.79	1767
22	126	1662	7.05	1788
23	127	1622	7.26	1749
24	113	1588	6.64	1701
25	144	1678	7.90	1822
26	123	1591	7.18	1714
27	142	1595	8.18	1737
28	124	1712	6.75	1836
29	111	1680	6.20	1791
30	108	1702	5.97	1810
31	132	1605	7.60	1737
32	117	1645	6.64	1762
33	109	1589	6.42	1698
34	136	1682	7.48	1818
35	130	1688	7.15	1818
36	104	1649	5.93	1753
37	132	1602	7.61	1734
38	137	1656	7.64	1793
39	125	1656	7.02	1781
40	115	1769	6.10	1884
41	123	1695	6.77	1818
42	111	1691	6.16	1802
43	129	1740	6.90	1869
44	135	1828	6.88	1963
45	119	1830	6.11	1949
46	115	1688	6.38	1803
47	142	1736	7.56	1878
48	116	1764	6.17	1880
49	131	1609	7.53	1740
50	126	1713	6.85	1839
51	102	1722	5.59	1824
52	142	1644	7.95	1786
53	134	1638	7.56	1772
54	107	1623	6.18	1730
55	122	1633	6.95	1755
56	127	1655	7.13	1782
57	116	1707	6.36	1823
58	139	1692	7.59	1831
59	134	1668	7.44	1802
60	134	1731	7.18	1865
61	124	1642	7.02	1766
62	138	1660	7.68	1798
63	123	1614	7.08	1737
64	120	1620	6.90	1740
65	135	1626	7.67	1761
66	137	1655	7.65	1792
67	133	1692	7.29	1825
68	127	1727	6.85	1854
69	129	1661	7.21	1790
70	120	1715	6.54	1835
71	147	1734	7.81	1881
72	112	1774	5.94	1886
73	117	1761	6.23	1878
74	128	1756	6.79	1884
75	127	1806	6.57	1933
76	127	1708	6.92	1835
77	135	1765	7.11	1900
78	136	1735	7.27	1871
79	121	1692	6.67	1813
80	116	1786	6.10	1902
81	128	1806	6.62	1934
82	118	1757	6.29	1875
83	125	1772	6.59	1897
84	123	1735	6.62	1858
85	114	1773	6.04	1887
86	124	1705	6.78	1829
87	112	1734	6.07	1846
88	132	1675	7.30	1807
89	115	1678	6.41	1793
90	110	1669	6.18	1779
91	109	1668	6.13	1777
92	120	1675	6.69	1795
93	125	1638	7.09	1763
94	110	1696	6.09	1806
95	130	1729	6.99	1859
96	132	1725	7.11	1857
97	107	1738	5.80	1845
98	135	1801	6.97	1936
99	119	1797	6.21	1916
100	123	1840	6.27	1963
101	139	1794	7.19	1933
102	122	1803	6.34	1925
103	116	1859	5.87	1975
104	125	1803	6.48	1928
105	117	1815	6.06	1932
106	114	1717	6.23	1831
107	120	1705	6.58	1825
108	113	1769	6.00	1882
109	118	1846	6.01	1964
110	124	1755	6.60	1879
111	143	1734	7.62	1877
112	111	1734	6.02	1845
113	127	1715	6.89	1842
114	118	1782	6.21	1900
115	125	1701	6.85	1826
116	131	1713	7.10	1844
117	116	1764	6.17	1880
118	120	1722	6.51	1842
119	139	1730	7.44	1869
120	124	1691	6.83	1815
121	123	1723	6.66	1846
122	126	1678	6.98	1804
123	122	1684	6.76	1806
124	108	1716	5.92	1824
125	121	1673	6.74	1794
126	127	1760	6.73	1887
127	125	1794	6.51	1919
128	116	1689	6.43	1805
129	103	1704	5.70	1807
130	112	1683	6.24	1795
131	116	1769	6.15	1885
132	108	1728	5.88	1836
133	110	1740	5.95	1850
134	117	1746	6.28	1863
135	126	1734	6.77	1860
136	119	1711	6.50	1830
137	109	1632	6.26	1741
138	135	1710	7.32	1845
139	114	1677	6.37	1791
140	116	1658	6.54	1774
141	118	1623	6.78	1741
142	101	1681	5.67	1782
143	112	1636	6.41	1748
144	94	1649	5.39	1743
145	94	1504	5.88	1598

