CpG context
===========
position	count methylated	count unmethylated	% methylation	coverage
1	5594	2867	66.12	8461
2	6084	2148	73.91	8232
3	5820	1661	77.80	7481
4	5961	1476	80.15	7437
5	6168	1245	83.21	7413
6	6015	1252	82.77	7267
7	5802	1193	82.94	6995
8	5706	1095	83.90	6801
9	5726	1082	84.11	6808
10	5741	1110	83.80	6851
11	5820	1115	83.92	6935
12	5469	1131	82.86	6600
13	5647	1036	84.50	6683
14	5638	1073	84.01	6711
15	5550	1065	83.90	6615
16	5677	1115	83.58	6792
17	5481	1056	83.85	6537
18	5685	1108	83.69	6793
19	5485	1047	83.97	6532
20	5655	1049	84.35	6704
21	5651	1103	83.67	6754
22	5437	1129	82.81	6566
23	5425	1042	83.89	6467
24	5528	1105	83.34	6633
25	5543	990	84.85	6533
26	5453	1061	83.71	6514
27	5446	1050	83.84	6496
28	5507	1100	83.35	6607
29	5368	1060	83.51	6428
30	5520	1057	83.93	6577
31	5563	1016	84.56	6579
32	5423	1110	83.01	6533
33	5449	1093	83.29	6542
34	5613	1070	83.99	6683
35	5445	1106	83.12	6551
36	5445	1060	83.70	6505
37	5442	1013	84.31	6455
38	5391	1051	83.69	6442
39	5455	1043	83.95	6498
40	5482	1045	83.99	6527
41	5399	1153	82.40	6552
42	5482	1098	83.31	6580
43	5355	1121	82.69	6476
44	5344	1076	83.24	6420
45	5427	1075	83.47	6502
46	5379	1073	83.37	6452
47	5232	994	84.03	6226
48	5392	1030	83.96	6422
49	5212	1104	82.52	6316
50	5321	1008	84.07	6329
51	5202	1046	83.26	6248
52	5149	1009	83.61	6158
53	5267	1034	83.59	6301
54	5223	1037	83.43	6260
55	5293	1036	83.63	6329
56	5261	1029	83.64	6290
57	5271	1064	83.20	6335
58	5182	1007	83.73	6189
59	5279	1022	83.78	6301
60	5332	1019	83.96	6351
61	5053	1072	82.50	6125
62	5169	1052	83.09	6221
63	5296	959	84.67	6255
64	5168	1042	83.22	6210
65	5020	1040	82.84	6060
66	5138	1020	83.44	6158
67	5085	1065	82.68	6150
68	4997	981	83.59	5978
69	4990	1024	82.97	6014
70	4973	1056	82.48	6029
71	5100	1005	83.54	6105
72	4855	956	83.55	5811
73	4861	1024	82.60	5885
74	4960	1042	82.64	6002
75	4780	1007	82.60	5787
76	4858	1003	82.89	5861
77	4840	960	83.45	5800
78	4929	988	83.30	5917
79	5112	986	83.83	6098
80	5079	965	84.03	6044
81	4988	961	83.85	5949
82	4874	963	83.50	5837
83	5002	973	83.72	5975
84	4992	906	84.64	5898
85	5132	982	83.94	6114
86	4896	936	83.95	5832
87	4981	995	83.35	5976
88	5168	994	83.87	6162
89	5029	946	84.17	5975
90	5026	945	84.17	5971
91	4880	952	83.68	5832
92	4952	995	83.27	5947
93	4981	944	84.07	5925
94	4820	1009	82.69	5829
95	4935	967	83.62	5902
96	4870	879	84.71	5749
97	4871	956	83.59	5827
98	4845	920	84.04	5765
99	4847	919	84.06	5766
100	4942	905	84.52	5847
101	5040	937	84.32	5977
102	4759	944	83.45	5703
103	4788	879	84.49	5667
104	4789	908	84.06	5697
105	4683	970	82.84	5653
106	4834	945	83.65	5779
107	4629	919	83.44	5548
108	4678	994	82.48	5672
109	4614	922	83.35	5536
110	4490	869	83.78	5359
111	4590	913	83.41	5503
112	4541	877	83.81	5418
113	4510	909	83.23	5419
114	4620	878	84.03	5498
115	4369	875	83.31	5244
116	4462	811	84.62	5273
117	4460	894	83.30	5354
118	4427	855	83.81	5282
119	4473	936	82.70	5409
120	4369	869	83.41	5238
121	4525	840	84.34	5365
122	4366	850	83.70	5216
123	4437	824	84.34	5261
124	4450	862	83.77	5312
125	4397	848	83.83	5245
126	4330	873	83.22	5203
127	4400	857	83.70	5257
128	4355	851	83.65	5206
129	4306	866	83.26	5172
130	4290	909	82.52	5199
131	4288	836	83.68	5124
132	4204	863	82.97	5067
133	4311	827	83.90	5138
134	4265	857	83.27	5122
135	4185	810	83.78	4995
136	4245	822	83.78	5067
137	4203	802	83.98	5005
138	4178	807	83.81	4985
139	4127	775	84.19	4902
140	4197	770	84.50	4967
141	3846	837	82.13	4683
142	3961	771	83.71	4732
143	3962	700	84.98	4662
144	3810	690	84.67	4500
145	2824	481	85.45	3305

CHG context
===========
position	count methylated	count unmethylated	% methylation	coverage
1	3527	29146	10.79	32673
2	2475	28117	8.09	30592
3	1759	28540	5.81	30299
4	1383	29376	4.50	30759
5	1188	28911	3.95	30099
6	1105	28228	3.77	29333
7	1026	27927	3.54	28953
8	1030	27991	3.55	29021
9	1130	28505	3.81	29635
10	1116	28376	3.78	29492
11	1065	28183	3.64	29248
12	1124	28772	3.76	29896
13	1112	28546	3.75	29658
14	1047	28539	3.54	29586
15	1138	28314	3.86	29452
16	1119	28665	3.76	29784
17	1160	28437	3.92	29597
18	1126	28024	3.86	29150
19	1072	28272	3.65	29344
20	1112	28077	3.81	29189
21	1097	27976	3.77	29073
22	1209	27887	4.16	29096
23	1190	27894	4.09	29084
24	1118	28074	3.83	29192
25	1163	27913	4.00	29076
26	1038	28253	3.54	29291
27	1092	27654	3.80	28746
28	1069	27697	3.72	28766
29	1131	27652	3.93	28783
30	1130	27553	3.94	28683
31	1108	27218	3.91	28326
32	1108	27837	3.83	28945
33	1129	27992	3.88	29121
34	1080	27556	3.77	28636
35	1111	27612	3.87	28723
36	1143	27636	3.97	28779
37	1133	27477	3.96	28610
38	1066	27745	3.70	28811
39	1078	27194	3.81	28272
40	1098	27755	3.81	28853
41	1218	27096	4.30	28314
42	1114	27122	3.95	28236
43	1119	27497	3.91	28616
44	1163	27172	4.10	28335
45	1103	26806	3.95	27909
46	1105	26910	3.94	28015
47	1092	26874	3.90	27966
48	1044	26964	3.73	28008
49	1094	26812	3.92	27906
50	1121	27177	3.96	28298
51	1171	26925	4.17	28096
52	1110	26765	3.98	27875
53	1191	26689	4.27	27880
54	1131	26652	4.07	27783
55	1179	26981	4.19	28160
56	1130	26856	4.04	27986
57	1119	26685	4.02	27804
58	1123	26767	4.03	27890
59	1167	26486	4.22	27653
60	1092	26742	3.92	27834
61	1204	26905	4.28	28109
62	1241	26428	4.49	27669
63	1139	26456	4.13	27595
64	1190	26387	4.32	27577
65	1135	26381	4.12	27516
66	1128	26436	4.09	27564
67	1105	26232	4.04	27337
68	1115	26384	4.05	27499
69	1073	26366	3.91	27439
70	1111	26483	4.03	27594
71	1071	26202	3.93	27273
72	1068	26253	3.91	27321
73	1059	26025	3.91	27084
74	1085	26272	3.97	27357
75	1060	26275	3.88	27335
76	1056	26095	3.89	27151
77	1118	26148	4.10	27266
78	1066	26321	3.89	27387
79	1091	26217	4.00	27308
80	1106	26099	4.07	27205
81	1132	26061	4.16	27193
82	1112	26180	4.07	27292
83	1002	25812	3.74	26814
84	1124	26116	4.13	27240
85	1135	25735	4.22	26870
86	1126	25957	4.16	27083
87	1195	25989	4.40	27184
88	1061	25711	3.96	26772
89	1006	25236	3.83	26242
90	1017	25570	3.83	26587
91	1177	25166	4.47	26343
92	1089	24932	4.19	26021
93	1070	25290	4.06	26360
94	1106	25116	4.22	26222
95	1170	24663	4.53	25833
96	1109	25033	4.24	26142
97	1140	25223	4.32	26363
98	1062	24810	4.10	25872
99	1032	24770	4.00	25802
100	1083	24915	4.17	25998
101	1076	24055	4.28	25131
102	1017	24562	3.98	25579
103	1051	24351	4.14	25402
104	1046	24522	4.09	25568
105	1134	24549	4.42	25683
106	1111	24231	4.38	25342
107	1045	24275	4.13	25320
108	1116	24395	4.37	25511
109	1095	23970	4.37	25065
110	1149	23665	4.63	24814
111	1129	23735	4.54	24864
112	1078	23891	4.32	24969
113	1171	23716	4.71	24887
114	1099	23419	4.48	24518
115	1095	23685	4.42	24780
116	1036	23316	4.25	24352
117	1151	23189	4.73	24340
118	1129	23395	4.60	24524
119	1030	23163	4.26	24193
120	1109	23158	4.57	24267
121	1062	23042	4.41	24104
122	1058	22968	4.40	24026
123	1083	22911	4.51	23994
124	1088	22979	4.52	24067
125	1110	22303	4.74	23413
126	1071	22535	4.54	23606
127	1146	22337	4.88	23483
128	1134	22157	4.87	23291
129	1091	22480	4.63	23571
130	1133	22193	4.86	23326
131	1069	21891	4.66	22960
132	1056	22234	4.53	23290
133	1057	21859	4.61	22916
134	1012	21753	4.45	22765
135	1009	21782	4.43	22791
136	996	21573	4.41	22569
137	1041	21260	4.67	22301
138	939	21183	4.24	22122
139	954	20706	4.40	21660
140	940	20790	4.33	21730
141	983	20222	4.64	21205
142	946	19281	4.68	20227
143	807	17308	4.45	18115
144	785	17580	4.27	18365
145	631	15026	4.03	15657

CHH context
===========
position	count methylated	count unmethylated	% methylation	coverage
1	7972	69237	10.33	77209
2	6643	72319	8.41	78962
3	5235	76116	6.44	81351
4	4227	78125	5.13	82352
5	3810	78218	4.64	82028
6	3553	78618	4.32	82171
7	3388	78973	4.11	82361
8	3578	80275	4.27	83853
9	3736	81589	4.38	85325
10	3838	81572	4.49	85410
11	3720	82014	4.34	85734
12	3825	82874	4.41	86699
13	3766	82978	4.34	86744
14	3777	82714	4.37	86491
15	3760	82686	4.35	86446
16	3707	83207	4.27	86914
17	3724	82856	4.30	86580
18	3854	83583	4.41	87437
19	3931	83316	4.51	87247
20	3749	82776	4.33	86525
21	3825	83105	4.40	86930
22	3987	83204	4.57	87191
23	4046	82945	4.65	86991
24	4124	82811	4.74	86935
25	4014	84165	4.55	88179
26	3983	84371	4.51	88354
27	3969	83360	4.54	87329
28	3997	83530	4.57	87527
29	4103	83474	4.69	87577
30	4039	84021	4.59	88060
31	4016	83945	4.57	87961
32	4048	83966	4.60	88014
33	4030	84120	4.57	88150
34	3938	83802	4.49	87740
35	4041	84394	4.57	88435
36	4034	85014	4.53	89048
37	3842	84714	4.34	88556
38	4085	83982	4.64	88067
39	4039	84873	4.54	88912
40	4110	84763	4.62	88873
41	4083	84385	4.62	88468
42	4057	84831	4.56	88888
43	4192	84939	4.70	89131
44	4110	85568	4.58	89678
45	4187	84847	4.70	89034
46	4126	84919	4.63	89045
47	4082	85522	4.56	89604
48	4119	85216	4.61	89335
49	4130	86005	4.58	90135
50	4234	85390	4.72	89624
51	4277	85583	4.76	89860
52	4309	85533	4.80	89842
53	4437	85817	4.92	90254
54	4351	86415	4.79	90766
55	4331	85992	4.80	90323
56	4291	86022	4.75	90313
57	4166	86733	4.58	90899
58	4301	86699	4.73	91000
59	4518	86852	4.94	91370
60	4257	87645	4.63	91902
61	4299	86614	4.73	90913
62	4234	86101	4.69	90335
63	4252	85590	4.73	89842
64	4145	86339	4.58	90484
65	4371	86966	4.79	91337
66	4414	86485	4.86	90899
67	4241	87093	4.64	91334
68	4294	85996	4.76	90290
69	4134	86136	4.58	90270
70	4049	85631	4.51	89680
71	4012	85466	4.48	89478
72	4009	85334	4.49	89343
73	3958	84700	4.46	88658
74	4127	85899	4.58	90026
75	4190	84946	4.70	89136
76	4013	85360	4.49	89373
77	3970	84822	4.47	88792
78	4038	84547	4.56	88585
79	3926	84624	4.43	88550
80	3952	84073	4.49	88025
81	3953	84628	4.46	88581
82	4003	84452	4.53	88455
83	4145	84308	4.69	88453
84	3985	84334	4.51	88319
85	3884	84599	4.39	88483
86	4087	83942	4.64	88029
87	4035	84585	4.55	88620
88	3856	84173	4.38	88029
89	4171	84298	4.71	88469
90	4092	84081	4.64	88173
91	4045	83981	4.60	88026
92	3996	84345	4.52	88341
93	4042	84638	4.56	88680
94	4112	83726	4.68	87838
95	4064	84681	4.58	88745
96	4117	83988	4.67	88105
97	4122	83549	4.70	87671
98	4196	83716	4.77	87912
99	4090	83145	4.69	87235
100	4422	82336	5.10	86758
101	4233	83231	4.84	87464
102	4178	83137	4.78	87315
103	4269	82743	4.91	87012
104	4233	82860	4.86	87093
105	4252	82042	4.93	86294
106	4128	81943	4.80	86071
107	4203	82369	4.85	86572
108	4170	81611	4.86	85781
109	4176	82152	4.84	86328
110	4074	82147	4.73	86221
111	4124	81510	4.82	85634
112	4052	80792	4.78	84844
113	4265	80235	5.05	84500
114	4075	80516	4.82	84591
115	4213	80512	4.97	84725
116	4093	80005	4.87	84098
117	4270	80113	5.06	84383
118	4073	79602	4.87	83675
119	4267	78994	5.12	83261
120	4128	79252	4.95	83380
121	4179	79993	4.96	84172
122	4218	79708	5.03	83926
123	4138	78665	5.00	82803
124	4311	79065	5.17	83376
125	4284	78821	5.15	83105
126	4089	78544	4.95	82633
127	4248	79047	5.10	83295
128	4222	78431	5.11	82653
129	4122	78353	5.00	82475
130	4066	78424	4.93	82490
131	4230	77476	5.18	81706
132	4138	77443	5.07	81581
133	4102	77476	5.03	81578
134	4086	76860	5.05	80946
135	4114	76833	5.08	80947
136	4050	76833	5.01	80883
137	4035	76248	5.03	80283
138	4039	76544	5.01	80583
139	4099	76350	5.10	80449
140	3880	74943	4.92	78823
141	3865	74020	4.96	77885
142	3791	72923	4.94	76714
143	3784	72339	4.97	76123
144	3460	68574	4.80	72034
145	2451	59349	3.97	61800

