CpG context
===========
position	count methylated	count unmethylated	% methylation	coverage
1	113	75	60.11	188
2	107	50	68.15	157
3	127	35	78.40	162
4	121	35	77.56	156
5	110	33	76.92	143
6	119	22	84.40	141
7	109	21	83.85	130
8	129	26	83.23	155
9	131	18	87.92	149
10	135	23	85.44	158
11	119	33	78.29	152
12	152	21	87.86	173
13	122	30	80.26	152
14	147	21	87.50	168
15	143	32	81.71	175
16	142	26	84.52	168
17	136	23	85.53	159
18	123	26	82.55	149
19	151	30	83.43	181
20	128	21	85.91	149
21	121	21	85.21	142
22	146	25	85.38	171
23	152	24	86.36	176
24	160	35	82.05	195
25	165	25	86.84	190
26	143	34	80.79	177
27	143	30	82.66	173
28	144	31	82.29	175
29	122	28	81.33	150
30	139	27	83.73	166
31	131	31	80.86	162
32	132	20	86.84	152
33	139	18	88.54	157
34	120	21	85.11	141
35	120	20	85.71	140
36	139	26	84.24	165
37	161	25	86.56	186
38	144	28	83.72	172
39	120	24	83.33	144
40	153	24	86.44	177
41	154	26	85.56	180
42	160	27	85.56	187
43	165	26	86.39	191
44	133	31	81.10	164
45	115	23	83.33	138
46	110	16	87.30	126
47	131	34	79.39	165
48	87	16	84.47	103
49	134	24	84.81	158
50	132	22	85.71	154
51	129	25	83.77	154
52	130	35	78.79	165
53	142	20	87.65	162
54	140	19	88.05	159
55	144	27	84.21	171
56	169	24	87.56	193
57	147	33	81.67	180
58	123	30	80.39	153
59	135	30	81.82	165
60	109	24	81.95	133
61	121	21	85.21	142
62	121	19	86.43	140
63	96	29	76.80	125
64	123	17	87.86	140
65	145	23	86.31	168
66	110	16	87.30	126
67	122	21	85.31	143
68	128	28	82.05	156
69	122	26	82.43	148
70	118	25	82.52	143
71	99	19	83.90	118
72	109	23	82.58	132
73	132	21	86.27	153
74	89	21	80.91	110
75	117	24	82.98	141
76	124	17	87.94	141
77	124	21	85.52	145
78	95	21	81.90	116
79	132	21	86.27	153
80	110	25	81.48	135
81	109	20	84.50	129
82	125	24	83.89	149
83	149	25	85.63	174
84	140	36	79.55	176
85	131	19	87.33	150
86	132	19	87.42	151
87	112	13	89.60	125
88	110	21	83.97	131
89	115	19	85.82	134
90	123	21	85.42	144
91	111	29	79.29	140
92	111	17	86.72	128
93	120	22	84.51	142
94	127	21	85.81	148
95	125	27	82.24	152
96	97	25	79.51	122
97	138	27	83.64	165
98	182	13	93.33	195
99	119	18	86.86	137
100	168	26	86.60	194
101	152	27	84.92	179
102	150	23	86.71	173
103	135	19	87.66	154
104	134	21	86.45	155
105	120	24	83.33	144
106	124	30	80.52	154
107	112	22	83.58	134
108	130	28	82.28	158
109	109	15	87.90	124
110	119	17	87.50	136
111	108	38	73.97	146
112	172	21	89.12	193
113	138	26	84.15	164
114	140	25	84.85	165
115	157	18	89.71	175
116	130	21	86.09	151
117	117	18	86.67	135
118	92	24	79.31	116
119	121	33	78.57	154
120	111	22	83.46	133
121	127	19	86.99	146
122	95	27	77.87	122
123	124	25	83.22	149
124	90	33	73.17	123
125	129	21	86.00	150
126	103	21	83.06	124
127	107	24	81.68	131
128	120	25	82.76	145
129	97	22	81.51	119
130	108	16	87.10	124
131	117	35	76.97	152
132	117	26	81.82	143
133	127	21	85.81	148
134	105	29	78.36	134
135	128	34	79.01	162
136	111	19	85.38	130
137	115	26	81.56	141
138	109	23	82.58	132
139	121	28	81.21	149
140	136	32	80.95	168
141	129	36	78.18	165
142	109	37	74.66	146
143	152	19	88.89	171
144	130	30	81.25	160
145	102	35	74.45	137

CHG context
===========
position	count methylated	count unmethylated	% methylation	coverage
1	56	594	8.62	650
2	47	653	6.71	700
3	29	703	3.96	732
4	26	656	3.81	682
5	19	624	2.95	643
6	9	677	1.31	686
7	8	623	1.27	631
8	10	668	1.47	678
9	11	656	1.65	667
10	17	626	2.64	643
11	16	651	2.40	667
12	11	608	1.78	619
13	6	651	0.91	657
14	17	622	2.66	639
15	11	694	1.56	705
16	9	618	1.44	627
17	9	656	1.35	665
18	7	657	1.05	664
19	15	638	2.30	653
20	13	616	2.07	629
21	14	655	2.09	669
22	7	679	1.02	686
23	10	663	1.49	673
24	5	667	0.74	672
25	12	701	1.68	713
26	16	669	2.34	685
27	7	677	1.02	684
28	11	687	1.58	698
29	8	709	1.12	717
30	7	608	1.14	615
31	19	688	2.69	707
32	14	707	1.94	721
33	12	683	1.73	695
34	12	678	1.74	690
35	10	677	1.46	687
36	11	612	1.77	623
37	10	676	1.46	686
38	10	593	1.66	603
39	8	618	1.28	626
40	8	615	1.28	623
41	5	613	0.81	618
42	10	658	1.50	668
43	10	599	1.64	609
44	10	634	1.55	644
45	13	668	1.91	681
46	9	626	1.42	635
47	6	648	0.92	654
48	8	638	1.24	646
49	11	707	1.53	718
50	8	620	1.27	628
51	10	652	1.51	662
52	7	693	1.00	700
53	17	674	2.46	691
54	10	640	1.54	650
55	8	644	1.23	652
56	9	671	1.32	680
57	12	648	1.82	660
58	10	598	1.64	608
59	12	661	1.78	673
60	12	669	1.76	681
61	6	672	0.88	678
62	12	676	1.74	688
63	15	642	2.28	657
64	13	725	1.76	738
65	13	615	2.07	628
66	11	603	1.79	614
67	8	602	1.31	610
68	15	653	2.25	668
69	12	661	1.78	673
70	8	694	1.14	702
71	16	662	2.36	678
72	8	604	1.31	612
73	13	697	1.83	710
74	11	674	1.61	685
75	14	624	2.19	638
76	8	620	1.27	628
77	10	615	1.60	625
78	11	623	1.74	634
79	17	620	2.67	637
80	13	628	2.03	641
81	10	617	1.59	627
82	9	718	1.24	727
83	9	643	1.38	652
84	19	699	2.65	718
85	14	663	2.07	677
86	11	620	1.74	631
87	14	627	2.18	641
88	12	662	1.78	674
89	4	669	0.59	673
90	13	701	1.82	714
91	11	688	1.57	699
92	12	720	1.64	732
93	3	675	0.44	678
94	8	633	1.25	641
95	11	575	1.88	586
96	9	607	1.46	616
97	15	621	2.36	636
98	19	615	3.00	634
99	10	612	1.61	622
100	17	579	2.85	596
101	12	645	1.83	657
102	11	626	1.73	637
103	9	603	1.47	612
104	14	609	2.25	623
105	12	684	1.72	696
106	11	619	1.75	630
107	7	639	1.08	646
108	10	596	1.65	606
109	6	605	0.98	611
110	10	663	1.49	673
111	8	660	1.20	668
112	11	656	1.65	667
113	10	696	1.42	706
114	10	635	1.55	645
115	10	609	1.62	619
116	14	614	2.23	628
117	7	588	1.18	595
118	16	632	2.47	648
119	13	631	2.02	644
120	16	622	2.51	638
121	8	632	1.25	640
122	14	627	2.18	641
123	9	629	1.41	638
124	9	626	1.42	635
125	7	599	1.16	606
126	9	649	1.37	658
127	20	620	3.12	640
128	11	572	1.89	583
129	9	641	1.38	650
130	14	606	2.26	620
131	3	616	0.48	619
132	7	585	1.18	592
133	12	580	2.03	592
134	9	624	1.42	633
135	7	616	1.12	623
136	12	640	1.84	652
137	16	581	2.68	597
138	7	565	1.22	572
139	17	611	2.71	628
140	7	628	1.10	635
141	13	632	2.02	645
142	3	685	0.44	688
143	9	589	1.51	598
144	12	636	1.85	648
145	7	563	1.23	570

CHH context
===========
position	count methylated	count unmethylated	% methylation	coverage
1	222	1959	10.18	2181
2	215	2032	9.57	2247
3	191	2145	8.18	2336
4	151	2193	6.44	2344
5	128	2364	5.14	2492
6	115	2342	4.68	2457
7	135	2323	5.49	2458
8	139	2427	5.42	2566
9	125	2373	5.00	2498
10	123	2401	4.87	2524
11	120	2398	4.77	2518
12	133	2410	5.23	2543
13	139	2429	5.41	2568
14	130	2478	4.98	2608
15	138	2516	5.20	2654
16	142	2522	5.33	2664
17	135	2416	5.29	2551
18	134	2466	5.15	2600
19	134	2462	5.16	2596
20	134	2395	5.30	2529
21	119	2339	4.84	2458
22	134	2319	5.46	2453
23	134	2426	5.23	2560
24	132	2397	5.22	2529
25	123	2331	5.01	2454
26	125	2444	4.87	2569
27	138	2436	5.36	2574
28	148	2315	6.01	2463
29	136	2354	5.46	2490
30	120	2365	4.83	2485
31	126	2354	5.08	2480
32	149	2422	5.80	2571
33	134	2464	5.16	2598
34	116	2327	4.75	2443
35	150	2517	5.62	2667
36	125	2451	4.85	2576
37	138	2476	5.28	2614
38	130	2457	5.03	2587
39	153	2414	5.96	2567
40	158	2518	5.90	2676
41	146	2499	5.52	2645
42	149	2464	5.70	2613
43	135	2543	5.04	2678
44	145	2550	5.38	2695
45	141	2556	5.23	2697
46	138	2514	5.20	2652
47	135	2426	5.27	2561
48	129	2463	4.98	2592
49	142	2373	5.65	2515
50	138	2519	5.19	2657
51	139	2364	5.55	2503
52	131	2348	5.28	2479
53	147	2431	5.70	2578
54	145	2379	5.74	2524
55	135	2417	5.29	2552
56	142	2557	5.26	2699
57	137	2433	5.33	2570
58	137	2473	5.25	2610
59	130	2454	5.03	2584
60	130	2418	5.10	2548
61	130	2448	5.04	2578
62	152	2454	5.83	2606
63	139	2442	5.39	2581
64	149	2400	5.85	2549
65	136	2387	5.39	2523
66	126	2526	4.75	2652
67	146	2426	5.68	2572
68	146	2479	5.56	2625
69	145	2509	5.46	2654
70	110	2425	4.34	2535
71	118	2446	4.60	2564
72	125	2620	4.55	2745
73	131	2495	4.99	2626
74	138	2596	5.05	2734
75	134	2536	5.02	2670
76	142	2457	5.46	2599
77	116	2462	4.50	2578
78	120	2529	4.53	2649
79	139	2518	5.23	2657
80	127	2517	4.80	2644
81	135	2564	5.00	2699
82	124	2537	4.66	2661
83	133	2483	5.08	2616
84	136	2491	5.18	2627
85	136	2534	5.09	2670
86	128	2509	4.85	2637
87	136	2460	5.24	2596
88	136	2460	5.24	2596
89	142	2457	5.46	2599
90	129	2489	4.93	2618
91	122	2460	4.73	2582
92	143	2519	5.37	2662
93	117	2469	4.52	2586
94	144	2526	5.39	2670
95	139	2487	5.29	2626
96	163	2465	6.20	2628
97	127	2535	4.77	2662
98	159	2644	5.67	2803
99	157	2518	5.87	2675
100	144	2617	5.22	2761
101	153	2588	5.58	2741
102	142	2668	5.05	2810
103	154	2642	5.51	2796
104	155	2702	5.43	2857
105	126	2627	4.58	2753
106	133	2565	4.93	2698
107	138	2450	5.33	2588
108	141	2541	5.26	2682
109	128	2507	4.86	2635
110	139	2596	5.08	2735
111	134	2557	4.98	2691
112	151	2526	5.64	2677
113	121	2623	4.41	2744
114	137	2535	5.13	2672
115	133	2558	4.94	2691
116	152	2580	5.56	2732
117	127	2540	4.76	2667
118	138	2569	5.10	2707
119	113	2551	4.24	2664
120	149	2494	5.64	2643
121	127	2533	4.77	2660
122	119	2481	4.58	2600
123	136	2561	5.04	2697
124	129	2569	4.78	2698
125	121	2534	4.56	2655
126	135	2470	5.18	2605
127	119	2423	4.68	2542
128	144	2507	5.43	2651
129	114	2538	4.30	2652
130	127	2488	4.86	2615
131	129	2512	4.88	2641
132	124	2560	4.62	2684
133	117	2560	4.37	2677
134	116	2594	4.28	2710
135	130	2539	4.87	2669
136	126	2498	4.80	2624
137	115	2510	4.38	2625
138	122	2479	4.69	2601
139	114	2446	4.45	2560
140	136	2542	5.08	2678
141	122	2475	4.70	2597
142	123	2464	4.75	2587
143	113	2475	4.37	2588
144	99	2396	3.97	2495
145	99	2272	4.18	2371

