CpG context
===========
position	count methylated	count unmethylated	% methylation	coverage
1	2360	1452	61.91	3812
2	2548	1303	66.16	3851
3	2304	1080	68.09	3384
4	2131	971	68.70	3102
5	2106	864	70.91	2970
6	2100	824	71.82	2924
7	1851	769	70.65	2620
8	1896	889	68.08	2785
9	2041	794	71.99	2835
10	2045	768	72.70	2813
11	2025	813	71.35	2838
12	2071	824	71.54	2895
13	2033	679	74.96	2712
14	2041	810	71.59	2851
15	1924	723	72.69	2647
16	1975	725	73.15	2700
17	2039	811	71.54	2850
18	2011	787	71.87	2798
19	2028	759	72.77	2787
20	2032	745	73.17	2777
21	1986	760	72.32	2746
22	1963	760	72.09	2723
23	2037	744	73.25	2781
24	1987	732	73.08	2719
25	2023	732	73.43	2755
26	1944	724	72.86	2668
27	2134	796	72.83	2930
28	2039	839	70.85	2878
29	2077	724	74.15	2801
30	2027	824	71.10	2851
31	2126	745	74.05	2871
32	2095	756	73.48	2851
33	2149	854	71.56	3003
34	2174	744	74.50	2918
35	2116	771	73.29	2887
36	2096	710	74.70	2806
37	1976	750	72.49	2726
38	2108	819	72.02	2927
39	1997	842	70.34	2839
40	2065	790	72.33	2855
41	2007	735	73.19	2742
42	2083	854	70.92	2937
43	2019	751	72.89	2770
44	2070	793	72.30	2863
45	2004	853	70.14	2857
46	1987	739	72.89	2726
47	2038	721	73.87	2759
48	2006	748	72.84	2754
49	2081	762	73.20	2843
50	1933	763	71.70	2696
51	1966	690	74.02	2656
52	1989	823	70.73	2812
53	1964	800	71.06	2764
54	1958	848	69.78	2806
55	2015	760	72.61	2775
56	1985	774	71.95	2759
57	1945	825	70.22	2770
58	2028	726	73.64	2754
59	1935	794	70.91	2729
60	2037	777	72.39	2814
61	1924	787	70.97	2711
62	1895	825	69.67	2720
63	1853	848	68.60	2701
64	1958	773	71.70	2731
65	1976	766	72.06	2742
66	1794	787	69.51	2581
67	1951	739	72.53	2690
68	1925	751	71.94	2676
69	1917	727	72.50	2644
70	1840	726	71.71	2566
71	1946	812	70.56	2758
72	1909	821	69.93	2730
73	1890	778	70.84	2668
74	1881	726	72.15	2607
75	1799	742	70.80	2541
76	1848	747	71.21	2595
77	1908	756	71.62	2664
78	1877	778	70.70	2655
79	1935	762	71.75	2697
80	1997	737	73.04	2734
81	1882	673	73.66	2555
82	1881	761	71.20	2642
83	1878	866	68.44	2744
84	1971	841	70.09	2812
85	1869	830	69.25	2699
86	1848	801	69.76	2649
87	1979	794	71.37	2773
88	1959	703	73.59	2662
89	1945	707	73.34	2652
90	1904	778	70.99	2682
91	1823	780	70.03	2603
92	1912	797	70.58	2709
93	1838	724	71.74	2562
94	1866	734	71.77	2600
95	1899	773	71.07	2672
96	1860	786	70.29	2646
97	1880	840	69.12	2720
98	1792	803	69.06	2595
99	1673	845	66.44	2518
100	1584	931	62.98	2515
101	1416	1040	57.65	2456
102	1410	1000	58.51	2410
103	1328	1071	55.36	2399
104	1228	1054	53.81	2282
105	1252	1091	53.44	2343
106	1275	1049	54.86	2324
107	1215	1112	52.21	2327
108	1098	1101	49.93	2199
109	1154	1079	51.68	2233
110	1126	1154	49.39	2280
111	1127	1018	52.54	2145
112	1057	1173	47.40	2230
113	976	1104	46.92	2080
114	976	1163	45.63	2139
115	910	1076	45.82	1986
116	905	1114	44.82	2019
117	879	1009	46.56	1888
118	838	1025	44.98	1863
119	817	1052	43.71	1869
120	709	1100	39.19	1809
121	731	1045	41.16	1776
122	703	1088	39.25	1791
123	684	1058	39.27	1742
124	671	999	40.18	1670
125	668	1025	39.46	1693
126	639	954	40.11	1593
127	616	921	40.08	1537
128	610	1026	37.29	1636
129	542	961	36.06	1503
130	523	993	34.50	1516
131	518	965	34.93	1483
132	445	925	32.48	1370
133	427	955	30.90	1382
134	408	935	30.38	1343
135	384	799	32.46	1183
136	329	901	26.75	1230
137	363	781	31.73	1144
138	322	767	29.57	1089
139	304	790	27.79	1094
140	248	693	26.35	941
141	184	650	22.06	834
142	148	530	21.83	678
143	123	505	19.59	628
144	78	253	23.56	331
145	17	65	20.73	82

CHG context
===========
position	count methylated	count unmethylated	% methylation	coverage
1	1448	10435	12.19	11883
2	1046	10651	8.94	11697
3	810	10838	6.95	11648
4	583	10770	5.14	11353
5	464	10405	4.27	10869
6	396	10179	3.74	10575
7	346	10417	3.21	10763
8	301	10512	2.78	10813
9	328	10910	2.92	11238
10	370	10715	3.34	11085
11	339	10709	3.07	11048
12	366	10925	3.24	11291
13	345	10771	3.10	11116
14	333	10924	2.96	11257
15	357	10921	3.17	11278
16	342	10858	3.05	11200
17	291	10928	2.59	11219
18	322	10833	2.89	11155
19	332	10964	2.94	11296
20	366	10798	3.28	11164
21	332	10645	3.02	10977
22	329	10509	3.04	10838
23	368	10676	3.33	11044
24	327	10969	2.89	11296
25	357	10545	3.27	10902
26	319	10883	2.85	11202
27	360	10615	3.28	10975
28	377	10680	3.41	11057
29	361	10588	3.30	10949
30	326	10525	3.00	10851
31	347	10591	3.17	10938
32	316	10903	2.82	11219
33	319	10669	2.90	10988
34	331	10584	3.03	10915
35	356	10777	3.20	11133
36	378	10758	3.39	11136
37	317	10464	2.94	10781
38	373	10780	3.34	11153
39	273	10473	2.54	10746
40	316	10570	2.90	10886
41	376	10508	3.45	10884
42	351	10605	3.20	10956
43	354	10567	3.24	10921
44	361	10441	3.34	10802
45	344	10371	3.21	10715
46	360	10441	3.33	10801
47	338	10772	3.04	11110
48	376	10281	3.53	10657
49	340	10340	3.18	10680
50	341	10122	3.26	10463
51	369	10519	3.39	10888
52	363	10288	3.41	10651
53	316	10390	2.95	10706
54	306	10280	2.89	10586
55	312	10202	2.97	10514
56	334	10231	3.16	10565
57	309	10286	2.92	10595
58	341	10544	3.13	10885
59	339	10325	3.18	10664
60	358	10241	3.38	10599
61	327	10335	3.07	10662
62	394	10633	3.57	11027
63	366	10335	3.42	10701
64	356	10384	3.31	10740
65	296	10276	2.80	10572
66	341	10553	3.13	10894
67	329	10394	3.07	10723
68	364	10362	3.39	10726
69	352	10019	3.39	10371
70	325	10440	3.02	10765
71	366	10310	3.43	10676
72	362	10202	3.43	10564
73	381	10293	3.57	10674
74	356	10265	3.35	10621
75	372	10282	3.49	10654
76	336	10003	3.25	10339
77	320	10326	3.01	10646
78	316	10326	2.97	10642
79	295	10247	2.80	10542
80	308	10199	2.93	10507
81	297	10202	2.83	10499
82	339	10330	3.18	10669
83	343	10296	3.22	10639
84	344	10455	3.19	10799
85	327	10581	3.00	10908
86	358	10312	3.36	10670
87	303	10104	2.91	10407
88	297	10378	2.78	10675
89	324	10028	3.13	10352
90	295	10118	2.83	10413
91	302	10330	2.84	10632
92	306	10015	2.96	10321
93	331	10242	3.13	10573
94	338	9979	3.28	10317
95	306	10118	2.94	10424
96	312	9969	3.03	10281
97	305	10100	2.93	10405
98	359	9896	3.50	10255
99	280	10072	2.70	10352
100	255	9920	2.51	10175
101	245	10043	2.38	10288
102	263	9777	2.62	10040
103	226	10021	2.21	10247
104	230	9865	2.28	10095
105	229	9960	2.25	10189
106	208	10014	2.03	10222
107	205	9973	2.01	10178
108	174	9755	1.75	9929
109	187	9817	1.87	10004
110	168	9783	1.69	9951
111	171	9804	1.71	9975
112	171	9622	1.75	9793
113	174	9597	1.78	9771
114	187	9693	1.89	9880
115	186	9669	1.89	9855
116	179	9712	1.81	9891
117	158	9546	1.63	9704
118	155	9387	1.62	9542
119	144	9391	1.51	9535
120	129	9335	1.36	9464
121	157	9366	1.65	9523
122	144	9326	1.52	9470
123	116	9364	1.22	9480
124	126	9450	1.32	9576
125	136	8741	1.53	8877
126	126	8913	1.39	9039
127	119	8637	1.36	8756
128	105	8532	1.22	8637
129	115	8436	1.34	8551
130	114	8190	1.37	8304
131	75	8106	0.92	8181
132	82	8029	1.01	8111
133	88	8191	1.06	8279
134	73	7972	0.91	8045
135	78	7815	0.99	7893
136	68	7574	0.89	7642
137	69	7596	0.90	7665
138	74	7370	0.99	7444
139	59	6920	0.85	6979
140	69	6740	1.01	6809
141	37	6288	0.58	6325
142	42	5784	0.72	5826
143	17	4275	0.40	4292
144	8	4165	0.19	4173
145	2	974	0.20	976

CHH context
===========
position	count methylated	count unmethylated	% methylation	coverage
1	4342	22031	16.46	26373
2	3371	23912	12.36	27283
3	2620	24815	9.55	27435
4	2039	26038	7.26	28077
5	1649	25615	6.05	27264
6	1293	25536	4.82	26829
7	1255	26633	4.50	27888
8	1239	27184	4.36	28423
9	1166	27389	4.08	28555
10	1223	27330	4.28	28553
11	1184	27096	4.19	28280
12	1155	27820	3.99	28975
13	1215	27102	4.29	28317
14	1203	27164	4.24	28367
15	1257	27624	4.35	28881
16	1196	27784	4.13	28980
17	1151	27826	3.97	28977
18	1320	27636	4.56	28956
19	1261	27496	4.39	28757
20	1338	27810	4.59	29148
21	1246	27996	4.26	29242
22	1363	28142	4.62	29505
23	1283	28228	4.35	29511
24	1251	27711	4.32	28962
25	1277	27851	4.38	29128
26	1318	27574	4.56	28892
27	1243	28113	4.23	29356
28	1252	27917	4.29	29169
29	1284	27978	4.39	29262
30	1380	27743	4.74	29123
31	1301	28282	4.40	29583
32	1325	28128	4.50	29453
33	1303	28081	4.43	29384
34	1275	27899	4.37	29174
35	1272	28077	4.33	29349
36	1307	27914	4.47	29221
37	1361	28281	4.59	29642
38	1374	27669	4.73	29043
39	1249	28415	4.21	29664
40	1386	28289	4.67	29675
41	1282	28066	4.37	29348
42	1356	28496	4.54	29852
43	1304	28302	4.40	29606
44	1311	28104	4.46	29415
45	1276	28799	4.24	30075
46	1292	28414	4.35	29706
47	1202	27981	4.12	29183
48	1299	27975	4.44	29274
49	1315	28673	4.39	29988
50	1292	28426	4.35	29718
51	1344	28474	4.51	29818
52	1255	28336	4.24	29591
53	1290	28714	4.30	30004
54	1340	28605	4.47	29945
55	1408	28859	4.65	30267
56	1282	28758	4.27	30040
57	1312	28942	4.34	30254
58	1324	29013	4.36	30337
59	1311	28431	4.41	29742
60	1306	28808	4.34	30114
61	1266	28888	4.20	30154
62	1249	29064	4.12	30313
63	1376	29261	4.49	30637
64	1346	29021	4.43	30367
65	1281	29153	4.21	30434
66	1282	29344	4.19	30626
67	1328	28969	4.38	30297
68	1303	28754	4.34	30057
69	1250	28894	4.15	30144
70	1308	29148	4.29	30456
71	1154	28821	3.85	29975
72	1330	28644	4.44	29974
73	1381	28216	4.67	29597
74	1262	28032	4.31	29294
75	1190	28475	4.01	29665
76	1126	28250	3.83	29376
77	1270	28407	4.28	29677
78	1201	28493	4.04	29694
79	1165	28576	3.92	29741
80	1247	28668	4.17	29915
81	1336	29136	4.38	30472
82	1225	28546	4.11	29771
83	1246	29224	4.09	30470
84	1263	28642	4.22	29905
85	1154	29133	3.81	30287
86	1239	29027	4.09	30266
87	1180	28799	3.94	29979
88	1294	28767	4.30	30061
89	1216	28933	4.03	30149
90	1255	29398	4.09	30653
91	1245	29181	4.09	30426
92	1289	29067	4.25	30356
93	1279	29107	4.21	30386
94	1315	28791	4.37	30106
95	1228	29395	4.01	30623
96	1170	29369	3.83	30539
97	1229	29483	4.00	30712
98	1152	29446	3.76	30598
99	1151	29434	3.76	30585
100	1036	29382	3.41	30418
101	1022	29503	3.35	30525
102	966	29253	3.20	30219
103	954	29456	3.14	30410
104	847	29386	2.80	30233
105	929	29099	3.09	30028
106	826	28984	2.77	29810
107	801	29268	2.66	30069
108	786	29368	2.61	30154
109	785	29414	2.60	30199
110	720	29464	2.39	30184
111	769	29028	2.58	29797
112	704	29247	2.35	29951
113	706	28750	2.40	29456
114	695	29036	2.34	29731
115	643	28600	2.20	29243
116	570	28118	1.99	28688
117	593	28064	2.07	28657
118	606	27605	2.15	28211
119	539	27615	1.91	28154
120	555	27703	1.96	28258
121	491	27668	1.74	28159
122	534	27254	1.92	27788
123	515	26993	1.87	27508
124	509	26715	1.87	27224
125	485	26727	1.78	27212
126	490	26523	1.81	27013
127	472	26259	1.77	26731
128	440	25660	1.69	26100
129	397	25233	1.55	25630
130	370	24798	1.47	25168
131	338	24584	1.36	24922
132	362	24354	1.46	24716
133	347	23834	1.44	24181
134	338	23416	1.42	23754
135	314	23152	1.34	23466
136	274	22793	1.19	23067
137	266	22252	1.18	22518
138	254	21684	1.16	21938
139	250	21015	1.18	21265
140	226	20315	1.10	20541
141	170	19319	0.87	19489
142	157	17753	0.88	17910
143	134	16410	0.81	16544
144	58	13253	0.44	13311
145	10	4502	0.22	4512

