CpG context
===========
position	count methylated	count unmethylated	% methylation	coverage
1	4031	2086	65.90	6117
2	4246	1604	72.58	5850
3	4316	1166	78.73	5482
4	4285	1086	79.78	5371
5	4389	918	82.70	5307
6	4465	813	84.60	5278
7	4157	806	83.76	4963
8	4018	795	83.48	4813
9	4084	818	83.31	4902
10	4065	789	83.75	4854
11	4213	818	83.74	5031
12	4201	785	84.26	4986
13	4117	794	83.83	4911
14	4192	747	84.88	4939
15	4274	780	84.57	5054
16	4027	731	84.64	4758
17	4054	831	82.99	4885
18	4115	809	83.57	4924
19	4134	804	83.72	4938
20	3981	796	83.34	4777
21	3950	744	84.15	4694
22	3975	690	85.21	4665
23	4136	782	84.10	4918
24	4139	753	84.61	4892
25	3926	799	83.09	4725
26	4120	792	83.88	4912
27	4026	798	83.46	4824
28	3987	781	83.62	4768
29	3958	770	83.71	4728
30	3947	769	83.69	4716
31	4165	777	84.28	4942
32	4160	749	84.74	4909
33	4151	783	84.13	4934
34	4104	750	84.55	4854
35	4105	746	84.62	4851
36	4040	832	82.92	4872
37	4048	766	84.09	4814
38	3932	796	83.16	4728
39	4002	741	84.38	4743
40	4039	747	84.39	4786
41	3972	742	84.26	4714
42	4015	768	83.94	4783
43	4152	715	85.31	4867
44	3987	764	83.92	4751
45	3901	782	83.30	4683
46	3991	798	83.34	4789
47	3990	769	83.84	4759
48	4067	749	84.45	4816
49	4113	750	84.58	4863
50	3904	778	83.38	4682
51	3916	762	83.71	4678
52	3931	722	84.48	4653
53	3927	709	84.71	4636
54	3976	757	84.01	4733
55	3973	776	83.66	4749
56	3949	754	83.97	4703
57	3865	698	84.70	4563
58	3849	756	83.58	4605
59	3976	701	85.01	4677
60	3833	742	83.78	4575
61	3953	810	82.99	4763
62	3815	756	83.46	4571
63	3800	713	84.20	4513
64	3763	695	84.41	4458
65	3862	733	84.05	4595
66	3740	691	84.41	4431
67	3686	723	83.60	4409
68	3706	724	83.66	4430
69	3733	697	84.27	4430
70	3809	777	83.06	4586
71	3759	722	83.89	4481
72	3658	693	84.07	4351
73	3720	685	84.45	4405
74	3899	633	86.03	4532
75	3743	770	82.94	4513
76	3575	684	83.94	4259
77	3686	790	82.35	4476
78	3775	708	84.21	4483
79	3676	725	83.53	4401
80	3775	679	84.76	4454
81	3805	688	84.69	4493
82	3752	731	83.69	4483
83	3781	724	83.93	4505
84	3611	688	84.00	4299
85	3656	649	84.92	4305
86	3705	705	84.01	4410
87	3702	721	83.70	4423
88	3658	686	84.21	4344
89	3864	748	83.78	4612
90	3643	709	83.71	4352
91	3769	667	84.96	4436
92	3714	698	84.18	4412
93	3594	715	83.41	4309
94	3629	652	84.77	4281
95	3632	719	83.48	4351
96	3679	665	84.69	4344
97	3686	653	84.95	4339
98	3596	655	84.59	4251
99	3683	704	83.95	4387
100	3665	691	84.14	4356
101	3699	679	84.49	4378
102	3564	612	85.34	4176
103	3677	667	84.65	4344
104	3503	642	84.51	4145
105	3488	677	83.75	4165
106	3532	630	84.86	4162
107	3558	643	84.69	4201
108	3455	626	84.66	4081
109	3432	650	84.08	4082
110	3439	646	84.19	4085
111	3553	694	83.66	4247
112	3401	654	83.87	4055
113	3429	651	84.04	4080
114	3353	698	82.77	4051
115	3408	650	83.98	4058
116	3307	627	84.06	3934
117	3526	647	84.50	4173
118	3210	597	84.32	3807
119	3390	671	83.48	4061
120	3304	587	84.91	3891
121	3324	644	83.77	3968
122	3331	624	84.22	3955
123	3265	591	84.67	3856
124	3276	625	83.98	3901
125	3282	656	83.34	3938
126	3364	551	85.93	3915
127	3309	606	84.52	3915
128	3259	555	85.45	3814
129	3261	620	84.02	3881
130	3258	612	84.19	3870
131	3294	603	84.53	3897
132	3329	604	84.64	3933
133	3231	584	84.69	3815
134	3181	583	84.51	3764
135	3112	623	83.32	3735
136	3144	621	83.51	3765
137	3208	607	84.09	3815
138	3077	578	84.19	3655
139	3088	629	83.08	3717
140	3023	626	82.84	3649
141	3042	566	84.31	3608
142	2945	546	84.36	3491
143	2972	555	84.26	3527
144	2844	474	85.71	3318
145	2192	337	86.67	2529

CHG context
===========
position	count methylated	count unmethylated	% methylation	coverage
1	2595	20607	11.18	23202
2	1913	20370	8.59	22283
3	1464	20487	6.67	21951
4	1164	21041	5.24	22205
5	996	20768	4.58	21764
6	968	20262	4.56	21230
7	847	20111	4.04	20958
8	980	20169	4.63	21149
9	975	20511	4.54	21486
10	1021	20345	4.78	21366
11	1062	21022	4.81	22084
12	1018	20806	4.66	21824
13	1014	20818	4.64	21832
14	945	20822	4.34	21767
15	1065	20377	4.97	21442
16	1094	20492	5.07	21586
17	947	20512	4.41	21459
18	1010	20785	4.63	21795
19	1009	20430	4.71	21439
20	1071	20793	4.90	21864
21	1036	20267	4.86	21303
22	977	20460	4.56	21437
23	1041	20498	4.83	21539
24	1086	20120	5.12	21206
25	1082	20405	5.04	21487
26	953	20532	4.44	21485
27	1026	20057	4.87	21083
28	995	20291	4.67	21286
29	950	20481	4.43	21431
30	1079	20442	5.01	21521
31	1087	20008	5.15	21095
32	1056	20326	4.94	21382
33	1025	20212	4.83	21237
34	1054	19998	5.01	21052
35	1077	20104	5.08	21181
36	1010	20217	4.76	21227
37	1104	20028	5.22	21132
38	1077	19951	5.12	21028
39	993	20007	4.73	21000
40	1027	19651	4.97	20678
41	933	20109	4.43	21042
42	1040	20150	4.91	21190
43	1057	19914	5.04	20971
44	1017	19562	4.94	20579
45	1037	19298	5.10	20335
46	1064	19437	5.19	20501
47	1026	19663	4.96	20689
48	1009	19738	4.86	20747
49	944	19819	4.55	20763
50	1086	19691	5.23	20777
51	972	19781	4.68	20753
52	1010	19510	4.92	20520
53	1002	19593	4.87	20595
54	1000	19322	4.92	20322
55	1003	19666	4.85	20669
56	1022	19408	5.00	20430
57	1038	19668	5.01	20706
58	1051	19520	5.11	20571
59	1005	19273	4.96	20278
60	1058	19448	5.16	20506
61	1014	19571	4.93	20585
62	1140	19066	5.64	20206
63	1046	19524	5.09	20570
64	1037	18991	5.18	20028
65	953	19173	4.74	20126
66	959	19440	4.70	20399
67	1010	19410	4.95	20420
68	1072	18988	5.34	20060
69	1065	18956	5.32	20021
70	1047	18963	5.23	20010
71	981	18933	4.93	19914
72	904	19083	4.52	19987
73	966	18996	4.84	19962
74	997	19389	4.89	20386
75	1073	19287	5.27	20360
76	933	19237	4.63	20170
77	901	19439	4.43	20340
78	995	19162	4.94	20157
79	1010	19115	5.02	20125
80	928	19212	4.61	20140
81	968	19172	4.81	20140
82	995	18979	4.98	19974
83	1073	18924	5.37	19997
84	988	18983	4.95	19971
85	1010	18776	5.10	19786
86	996	18781	5.04	19777
87	971	18825	4.91	19796
88	1050	18765	5.30	19815
89	1002	18451	5.15	19453
90	972	18565	4.98	19537
91	1070	18551	5.45	19621
92	1029	18047	5.39	19076
93	1044	18279	5.40	19323
94	987	18559	5.05	19546
95	904	18219	4.73	19123
96	969	17975	5.12	18944
97	985	18122	5.16	19107
98	1034	18409	5.32	19443
99	964	17902	5.11	18866
100	946	18151	4.95	19097
101	984	18316	5.10	19300
102	926	18005	4.89	18931
103	1101	17883	5.80	18984
104	999	17842	5.30	18841
105	1057	17811	5.60	18868
106	926	17602	5.00	18528
107	1021	17764	5.44	18785
108	963	17676	5.17	18639
109	1002	17780	5.33	18782
110	976	17609	5.25	18585
111	919	17252	5.06	18171
112	974	17178	5.37	18152
113	938	17237	5.16	18175
114	1040	17286	5.67	18326
115	979	17053	5.43	18032
116	1071	17104	5.89	18175
117	1014	16937	5.65	17951
118	991	17115	5.47	18106
119	983	16874	5.50	17857
120	977	16893	5.47	17870
121	1042	16890	5.81	17932
122	961	16839	5.40	17800
123	927	16437	5.34	17364
124	1010	16502	5.77	17512
125	1012	16517	5.77	17529
126	1020	16519	5.82	17539
127	991	16450	5.68	17441
128	955	16261	5.55	17216
129	893	16415	5.16	17308
130	1027	16375	5.90	17402
131	964	16190	5.62	17154
132	1031	16036	6.04	17067
133	942	15847	5.61	16789
134	966	16032	5.68	16998
135	957	15879	5.68	16836
136	921	15956	5.46	16877
137	975	15682	5.85	16657
138	940	15732	5.64	16672
139	930	15616	5.62	16546
140	947	15307	5.83	16254
141	876	15045	5.50	15921
142	863	14325	5.68	15188
143	736	12590	5.52	13326
144	680	12876	5.02	13556
145	632	11062	5.40	11694

CHH context
===========
position	count methylated	count unmethylated	% methylation	coverage
1	6789	49697	12.02	56486
2	5582	51379	9.80	56961
3	4516	54873	7.60	59389
4	3870	56843	6.37	60713
5	3590	57242	5.90	60832
6	3373	57865	5.51	61238
7	3277	58873	5.27	62150
8	3417	59466	5.43	62883
9	3529	60014	5.55	63543
10	3681	60108	5.77	63789
11	3656	60188	5.73	63844
12	3540	60480	5.53	64020
13	3585	60069	5.63	63654
14	3590	60246	5.62	63836
15	3539	60399	5.54	63938
16	3564	60134	5.60	63698
17	3569	60798	5.54	64367
18	3358	60667	5.24	64025
19	3553	60120	5.58	63673
20	3733	60092	5.85	63825
21	3667	60272	5.74	63939
22	3639	59842	5.73	63481
23	3692	60305	5.77	63997
24	3663	60420	5.72	64083
25	3803	60352	5.93	64155
26	3715	60438	5.79	64153
27	3671	60855	5.69	64526
28	3585	60393	5.60	63978
29	3612	61039	5.59	64651
30	3783	60733	5.86	64516
31	3819	61048	5.89	64867
32	3928	60040	6.14	63968
33	3837	61012	5.92	64849
34	3776	60990	5.83	64766
35	3714	60914	5.75	64628
36	3703	61800	5.65	65503
37	3784	61289	5.82	65073
38	3720	61184	5.73	64904
39	3613	61284	5.57	64897
40	3789	61465	5.81	65254
41	3717	61468	5.70	65185
42	3679	62157	5.59	65836
43	3814	61423	5.85	65237
44	3690	61543	5.66	65233
45	3799	62115	5.76	65914
46	3838	61462	5.88	65300
47	3734	62080	5.67	65814
48	3682	61979	5.61	65661
49	3789	61798	5.78	65587
50	3914	62013	5.94	65927
51	3867	62085	5.86	65952
52	3786	62037	5.75	65823
53	4091	62262	6.17	66353
54	3799	62038	5.77	65837
55	3933	62786	5.89	66719
56	4104	62777	6.14	66881
57	4044	62835	6.05	66879
58	3911	63115	5.84	67026
59	4058	63160	6.04	67218
60	3999	62875	5.98	66874
61	3920	62965	5.86	66885
62	3953	63403	5.87	67356
63	3906	62751	5.86	66657
64	3970	63071	5.92	67041
65	3939	63124	5.87	67063
66	3970	63107	5.92	67077
67	3874	62540	5.83	66414
68	4048	62447	6.09	66495
69	4027	62837	6.02	66864
70	3892	62387	5.87	66279
71	3801	62425	5.74	66226
72	3663	61953	5.58	65616
73	3837	61909	5.84	65746
74	3754	61652	5.74	65406
75	3899	61580	5.95	65479
76	3654	61442	5.61	65096
77	3769	61695	5.76	65464
78	3724	61225	5.73	64949
79	3699	61987	5.63	65686
80	3733	61149	5.75	64882
81	3744	61097	5.77	64841
82	3651	61032	5.64	64683
83	3758	61641	5.75	65399
84	3696	61276	5.69	64972
85	3751	61921	5.71	65672
86	3654	61667	5.59	65321
87	3688	61216	5.68	64904
88	3663	60779	5.68	64442
89	3667	61350	5.64	65017
90	3826	61930	5.82	65756
91	3795	61241	5.84	65036
92	3817	61168	5.87	64985
93	3801	61435	5.83	65236
94	3752	60877	5.81	64629
95	3704	61579	5.67	65283
96	3781	61566	5.79	65347
97	3924	60987	6.05	64911
98	3785	60821	5.86	64606
99	3947	61033	6.07	64980
100	3838	60687	5.95	64525
101	3930	60186	6.13	64116
102	3965	60446	6.16	64411
103	3940	60094	6.15	64034
104	3944	60273	6.14	64217
105	4026	60150	6.27	64176
106	3775	60088	5.91	63863
107	3848	59978	6.03	63826
108	3885	60214	6.06	64099
109	3695	59677	5.83	63372
110	3986	59731	6.26	63717
111	3927	59104	6.23	63031
112	3858	59253	6.11	63111
113	3980	58963	6.32	62943
114	3894	58655	6.23	62549
115	3866	58564	6.19	62430
116	3763	58261	6.07	62024
117	3931	58031	6.34	61962
118	3912	58232	6.30	62144
119	3792	57984	6.14	61776
120	3794	58043	6.14	61837
121	3793	57715	6.17	61508
122	3786	57849	6.14	61635
123	3828	58128	6.18	61956
124	3890	57535	6.33	61425
125	3848	57482	6.27	61330
126	3881	57197	6.35	61078
127	3717	57414	6.08	61131
128	3769	57170	6.18	60939
129	3828	56760	6.32	60588
130	3832	57178	6.28	61010
131	3790	57028	6.23	60818
132	3808	56749	6.29	60557
133	3892	56964	6.40	60856
134	3719	56306	6.20	60025
135	3714	56397	6.18	60111
136	3887	55841	6.51	59728
137	3727	55635	6.28	59362
138	3726	55853	6.25	59579
139	3639	54999	6.21	58638
140	3532	54898	6.04	58430
141	3551	55164	6.05	58715
142	3588	53450	6.29	57038
143	3542	52514	6.32	56056
144	3304	50064	6.19	53368
145	2385	43461	5.20	45846

