CpG context
===========
position	count methylated	count unmethylated	% methylation	coverage
1	4541	2511	64.39	7052
2	5036	1850	73.13	6886
3	5014	1422	77.91	6436
4	4924	1264	79.57	6188
5	5014	1106	81.93	6120
6	5112	1064	82.77	6176
7	4973	947	84.00	5920
8	4697	874	84.31	5571
9	4655	946	83.11	5601
10	4795	908	84.08	5703
11	4714	930	83.52	5644
12	4704	918	83.67	5622
13	4778	906	84.06	5684
14	4740	901	84.03	5641
15	4758	943	83.46	5701
16	4654	961	82.89	5615
17	4585	942	82.96	5527
18	4750	940	83.48	5690
19	4601	915	83.41	5516
20	4487	912	83.11	5399
21	4504	910	83.19	5414
22	4661	908	83.70	5569
23	4544	929	83.03	5473
24	4768	897	84.17	5665
25	4604	950	82.90	5554
26	4520	873	83.81	5393
27	4578	887	83.77	5465
28	4563	941	82.90	5504
29	4602	910	83.49	5512
30	4628	873	84.13	5501
31	4655	923	83.45	5578
32	4703	915	83.71	5618
33	4752	847	84.87	5599
34	4557	971	82.43	5528
35	4721	946	83.31	5667
36	4549	916	83.24	5465
37	4596	895	83.70	5491
38	4611	856	84.34	5467
39	4604	931	83.18	5535
40	4508	897	83.40	5405
41	4528	932	82.93	5460
42	4555	873	83.92	5428
43	4503	905	83.27	5408
44	4458	885	83.44	5343
45	4470	925	82.85	5395
46	4549	912	83.30	5461
47	4529	917	83.16	5446
48	4377	854	83.67	5231
49	4377	833	84.01	5210
50	4466	897	83.27	5363
51	4454	877	83.55	5331
52	4306	847	83.56	5153
53	4467	979	82.02	5446
54	4432	873	83.54	5305
55	4420	892	83.21	5312
56	4411	899	83.07	5310
57	4517	855	84.08	5372
58	4333	903	82.75	5236
59	4416	919	82.77	5335
60	4369	898	82.95	5267
61	4290	833	83.74	5123
62	4425	889	83.27	5314
63	4297	892	82.81	5189
64	4263	891	82.71	5154
65	4482	861	83.89	5343
66	4309	867	83.25	5176
67	4173	842	83.21	5015
68	4299	886	82.91	5185
69	4212	902	82.36	5114
70	4112	863	82.65	4975
71	4130	815	83.52	4945
72	4252	812	83.97	5064
73	4257	853	83.31	5110
74	4129	868	82.63	4997
75	4095	853	82.76	4948
76	4194	862	82.95	5056
77	4252	843	83.45	5095
78	4294	877	83.04	5171
79	4310	849	83.54	5159
80	4292	827	83.84	5119
81	4130	805	83.69	4935
82	4212	869	82.90	5081
83	4162	821	83.52	4983
84	4198	871	82.82	5069
85	4228	818	83.79	5046
86	4154	883	82.47	5037
87	4184	833	83.40	5017
88	4182	811	83.76	4993
89	4178	818	83.63	4996
90	4234	870	82.95	5104
91	4077	793	83.72	4870
92	4146	873	82.61	5019
93	4276	885	82.85	5161
94	4188	845	83.21	5033
95	4080	742	84.61	4822
96	4030	863	82.36	4893
97	4211	809	83.88	5020
98	4141	839	83.15	4980
99	4146	751	84.66	4897
100	4117	778	84.11	4895
101	4113	855	82.79	4968
102	4074	763	84.23	4837
103	3990	833	82.73	4823
104	4028	814	83.19	4842
105	3945	771	83.65	4716
106	3992	844	82.55	4836
107	4024	762	84.08	4786
108	3898	795	83.06	4693
109	3836	812	82.53	4648
110	3838	742	83.80	4580
111	3932	785	83.36	4717
112	3727	760	83.06	4487
113	3904	755	83.79	4659
114	3721	718	83.83	4439
115	3804	736	83.79	4540
116	3722	767	82.91	4489
117	3793	721	84.03	4514
118	3789	764	83.22	4553
119	3800	676	84.90	4476
120	3679	753	83.01	4432
121	3862	733	84.05	4595
122	3675	734	83.35	4409
123	3614	715	83.48	4329
124	3682	693	84.16	4375
125	3815	779	83.04	4594
126	3648	770	82.57	4418
127	3755	758	83.20	4513
128	3734	737	83.52	4471
129	3673	704	83.92	4377
130	3663	750	83.00	4413
131	3728	712	83.96	4440
132	3609	721	83.35	4330
133	3672	691	84.16	4363
134	3545	722	83.08	4267
135	3579	720	83.25	4299
136	3661	734	83.30	4395
137	3534	714	83.19	4248
138	3555	685	83.84	4240
139	3450	708	82.97	4158
140	3254	674	82.84	3928
141	3438	659	83.92	4097
142	3474	641	84.42	4115
143	3325	597	84.78	3922
144	3276	557	85.47	3833
145	2367	391	85.82	2758

CHG context
===========
position	count methylated	count unmethylated	% methylation	coverage
1	3083	24862	11.03	27945
2	2059	23766	7.97	25825
3	1598	23903	6.27	25501
4	1163	24414	4.55	25577
5	1027	24364	4.04	25391
6	932	23820	3.77	24752
7	976	23504	3.99	24480
8	924	23440	3.79	24364
9	895	23423	3.68	24318
10	969	23791	3.91	24760
11	991	24022	3.96	25013
12	949	24188	3.78	25137
13	1064	24344	4.19	25408
14	970	24182	3.86	25152
15	1026	23860	4.12	24886
16	972	23472	3.98	24444
17	1039	23846	4.18	24885
18	978	23880	3.93	24858
19	952	23763	3.85	24715
20	1048	23450	4.28	24498
21	992	23243	4.09	24235
22	1026	23545	4.18	24571
23	1054	23373	4.31	24427
24	1019	23238	4.20	24257
25	1062	23481	4.33	24543
26	1028	23206	4.24	24234
27	1066	23419	4.35	24485
28	930	23115	3.87	24045
29	952	22996	3.98	23948
30	1028	23361	4.22	24389
31	1032	23283	4.24	24315
32	954	23325	3.93	24279
33	1068	22996	4.44	24064
34	977	22891	4.09	23868
35	1027	23150	4.25	24177
36	1014	23138	4.20	24152
37	1041	23139	4.31	24180
38	1086	23121	4.49	24207
39	1007	23256	4.15	24263
40	1031	22893	4.31	23924
41	965	23162	4.00	24127
42	981	22980	4.09	23961
43	1019	22662	4.30	23681
44	1028	22495	4.37	23523
45	1043	22631	4.41	23674
46	996	22690	4.21	23686
47	936	22626	3.97	23562
48	1012	22545	4.30	23557
49	1002	22675	4.23	23677
50	984	22583	4.18	23567
51	942	22456	4.03	23398
52	1029	22651	4.35	23680
53	998	22539	4.24	23537
54	1035	22649	4.37	23684
55	1010	22514	4.29	23524
56	1047	22315	4.48	23362
57	1005	22183	4.33	23188
58	1011	22198	4.36	23209
59	1036	22335	4.43	23371
60	987	22427	4.22	23414
61	1025	22468	4.36	23493
62	997	22256	4.29	23253
63	1101	22323	4.70	23424
64	1017	22003	4.42	23020
65	992	22176	4.28	23168
66	974	22026	4.23	23000
67	1037	22106	4.48	23143
68	1036	22063	4.49	23099
69	975	22182	4.21	23157
70	973	22269	4.19	23242
71	929	21820	4.08	22749
72	912	21939	3.99	22851
73	986	21994	4.29	22980
74	1013	22012	4.40	23025
75	886	21967	3.88	22853
76	1036	22232	4.45	23268
77	928	22188	4.01	23116
78	970	21977	4.23	22947
79	984	21943	4.29	22927
80	1020	21625	4.50	22645
81	1019	22102	4.41	23121
82	925	21736	4.08	22661
83	978	21946	4.27	22924
84	882	21817	3.89	22699
85	1022	21543	4.53	22565
86	1041	21580	4.60	22621
87	953	21932	4.16	22885
88	1028	21264	4.61	22292
89	907	21519	4.04	22426
90	941	21026	4.28	21967
91	999	21243	4.49	22242
92	985	21486	4.38	22471
93	1019	21289	4.57	22308
94	987	20878	4.51	21865
95	1030	21310	4.61	22340
96	967	21091	4.38	22058
97	1034	21302	4.63	22336
98	1018	20908	4.64	21926
99	974	20518	4.53	21492
100	921	20729	4.25	21650
101	1039	20608	4.80	21647
102	969	20682	4.48	21651
103	982	20259	4.62	21241
104	1022	20664	4.71	21686
105	941	20799	4.33	21740
106	1005	20324	4.71	21329
107	976	20176	4.61	21152
108	1017	20170	4.80	21187
109	1000	20109	4.74	21109
110	977	20351	4.58	21328
111	1037	20253	4.87	21290
112	932	19945	4.46	20877
113	1003	19566	4.88	20569
114	971	19711	4.69	20682
115	1010	19708	4.87	20718
116	974	19986	4.65	20960
117	997	19675	4.82	20672
118	970	19606	4.71	20576
119	966	19290	4.77	20256
120	1033	19729	4.98	20762
121	898	19363	4.43	20261
122	984	19312	4.85	20296
123	1002	19149	4.97	20151
124	939	19012	4.71	19951
125	978	19018	4.89	19996
126	982	19052	4.90	20034
127	961	19057	4.80	20018
128	1031	18622	5.25	19653
129	979	18848	4.94	19827
130	1009	18686	5.12	19695
131	953	18600	4.87	19553
132	961	18393	4.97	19354
133	930	18434	4.80	19364
134	1005	18576	5.13	19581
135	944	18466	4.86	19410
136	937	18151	4.91	19088
137	1006	18107	5.26	19113
138	919	17895	4.88	18814
139	925	17993	4.89	18918
140	879	17230	4.85	18109
141	853	17073	4.76	17926
142	861	16653	4.92	17514
143	738	14640	4.80	15378
144	756	14825	4.85	15581
145	621	12940	4.58	13561

CHH context
===========
position	count methylated	count unmethylated	% methylation	coverage
1	7031	59585	10.55	66616
2	5973	61652	8.83	67625
3	4774	64548	6.89	69322
4	3980	67482	5.57	71462
5	3657	66810	5.19	70467
6	3463	66682	4.94	70145
7	3436	67647	4.83	71083
8	3498	68185	4.88	71683
9	3563	69348	4.89	72911
10	3682	69696	5.02	73378
11	3695	69374	5.06	73069
12	3657	69951	4.97	73608
13	3594	69810	4.90	73404
14	3568	69746	4.87	73314
15	3540	70240	4.80	73780
16	3536	70533	4.77	74069
17	3651	70126	4.95	73777
18	3582	70188	4.86	73770
19	3603	70110	4.89	73713
20	3744	70021	5.08	73765
21	3673	70611	4.94	74284
22	3657	69992	4.97	73649
23	3772	70401	5.09	74173
24	3827	70809	5.13	74636
25	3690	70824	4.95	74514
26	3779	70460	5.09	74239
27	3763	70180	5.09	73943
28	3907	70769	5.23	74676
29	3837	70727	5.15	74564
30	3786	70508	5.10	74294
31	4047	70745	5.41	74792
32	3927	70958	5.24	74885
33	3820	71091	5.10	74911
34	3908	71657	5.17	75565
35	3880	71728	5.13	75608
36	3741	71979	4.94	75720
37	3825	71023	5.11	74848
38	3920	71379	5.21	75299
39	3721	71821	4.93	75542
40	3879	71366	5.16	75245
41	3743	71723	4.96	75466
42	4059	71584	5.37	75643
43	3888	72317	5.10	76205
44	3899	71832	5.15	75731
45	4013	71705	5.30	75718
46	3857	71320	5.13	75177
47	3963	72094	5.21	76057
48	3941	71609	5.22	75550
49	3899	71730	5.16	75629
50	4027	71928	5.30	75955
51	3847	71351	5.12	75198
52	4028	72452	5.27	76480
53	3987	71997	5.25	75984
54	4023	72040	5.29	76063
55	4002	72232	5.25	76234
56	4060	72100	5.33	76160
57	4007	72710	5.22	76717
58	4103	73075	5.32	77178
59	4055	73027	5.26	77082
60	4077	73049	5.29	77126
61	4115	73405	5.31	77520
62	3985	72891	5.18	76876
63	4021	72719	5.24	76740
64	4077	72708	5.31	76785
65	4092	72782	5.32	76874
66	4176	72705	5.43	76881
67	3967	72930	5.16	76897
68	4017	72812	5.23	76829
69	3951	72266	5.18	76217
70	3958	72483	5.18	76441
71	3855	72691	5.04	76546
72	3879	71963	5.11	75842
73	3792	71604	5.03	75396
74	3759	71088	5.02	74847
75	3973	71530	5.26	75503
76	3856	71666	5.11	75522
77	3858	71721	5.10	75579
78	3887	71213	5.18	75100
79	3824	71040	5.11	74864
80	3830	71497	5.08	75327
81	3803	71000	5.08	74803
82	3712	71439	4.94	75151
83	3889	71125	5.18	75014
84	3757	71337	5.00	75094
85	3865	71241	5.15	75106
86	3882	70826	5.20	74708
87	3902	70662	5.23	74564
88	3843	70710	5.15	74553
89	3771	70279	5.09	74050
90	3738	71095	5.00	74833
91	3892	71095	5.19	74987
92	3880	70626	5.21	74506
93	3785	70044	5.13	73829
94	3954	70044	5.34	73998
95	4012	70045	5.42	74057
96	3935	70672	5.27	74607
97	3844	70148	5.20	73992
98	4023	70008	5.43	74031
99	3904	69696	5.30	73600
100	3956	69887	5.36	73843
101	3960	70022	5.35	73982
102	3902	69608	5.31	73510
103	3990	69562	5.42	73552
104	4069	68943	5.57	73012
105	4029	68996	5.52	73025
106	4033	68810	5.54	72843
107	4044	68742	5.56	72786
108	3883	68705	5.35	72588
109	3919	68540	5.41	72459
110	4049	68298	5.60	72347
111	3856	68111	5.36	71967
112	3895	68165	5.41	72060
113	4026	68084	5.58	72110
114	3948	67935	5.49	71883
115	3809	67551	5.34	71360
116	3895	67780	5.43	71675
117	3907	67055	5.51	70962
118	4013	66903	5.66	70916
119	3962	66445	5.63	70407
120	3961	66859	5.59	70820
121	3843	66786	5.44	70629
122	3887	66593	5.52	70480
123	3954	66424	5.62	70378
124	3945	66073	5.63	70018
125	4081	66177	5.81	70258
126	3928	65697	5.64	69625
127	3918	66231	5.59	70149
128	4066	65302	5.86	69368
129	3910	65459	5.64	69369
130	3851	65394	5.56	69245
131	3842	65806	5.52	69648
132	3886	64839	5.65	68725
133	3995	65546	5.74	69541
134	3903	65473	5.63	69376
135	3970	64996	5.76	68966
136	3782	64197	5.56	67979
137	3887	63826	5.74	67713
138	3745	63962	5.53	67707
139	3835	63617	5.69	67452
140	3639	63310	5.44	66949
141	3602	62706	5.43	66308
142	3514	61599	5.40	65113
143	3403	61014	5.28	64417
144	3231	57952	5.28	61183
145	2309	49517	4.46	51826

