CpG context
===========
position	count methylated	count unmethylated	% methylation	coverage
1	5594	2151	72.23	7745
2	5564	2258	71.13	7822
3	5912	2291	72.07	8203
4	6155	2300	72.80	8455
5	5961	2228	72.79	8189
6	5970	2202	73.05	8172
7	6577	2291	74.17	8868
8	6415	2128	75.09	8543
9	6693	2305	74.38	8998
10	6715	2199	75.33	8914
11	6687	2219	75.08	8906
12	6343	2135	74.82	8478
13	6599	2307	74.10	8906
14	6611	2274	74.41	8885
15	6791	2127	76.15	8918
16	6522	2238	74.45	8760
17	6483	2283	73.96	8766
18	7038	2101	77.01	9139
19	6832	2315	74.69	9147
20	6910	2293	75.08	9203
21	7002	2162	76.41	9164
22	6837	2253	75.21	9090
23	7130	2284	75.74	9414
24	7173	2194	76.58	9367
25	7501	2242	76.99	9743
26	6756	2229	75.19	8985
27	6844	2212	75.57	9056
28	6724	2244	74.98	8968
29	6417	2317	73.47	8734
30	6666	2131	75.78	8797
31	6471	2211	74.53	8682
32	6132	2143	74.10	8275
33	6749	2166	75.70	8915
34	7029	2185	76.29	9214
35	7141	2194	76.50	9335
36	6825	2164	75.93	8989
37	7032	2085	77.13	9117
38	6481	2180	74.83	8661
39	6617	2199	75.06	8816
40	6920	2116	76.58	9036
41	6612	2060	76.25	8672
42	6188	2133	74.37	8321
43	6335	2144	74.71	8479
44	6230	2074	75.02	8304
45	6176	1974	75.78	8150
46	5937	1979	75.00	7916
47	6067	2067	74.59	8134
48	6055	2061	74.61	8116
49	6286	2097	74.99	8383
50	6493	2149	75.13	8642
51	6369	1998	76.12	8367
52	6249	2078	75.05	8327
53	6329	2091	75.17	8420
54	6250	2139	74.50	8389
55	6393	2216	74.26	8609
56	6202	2057	75.09	8259
57	6461	2033	76.07	8494
58	6257	2064	75.20	8321
59	6491	2078	75.75	8569
60	6334	2043	75.61	8377
61	6150	2121	74.36	8271
62	6170	2064	74.93	8234
63	6286	2053	75.38	8339
64	6041	2119	74.03	8160
65	6110	1979	75.53	8089
66	6042	2068	74.50	8110
67	6283	2040	75.49	8323
68	6057	2041	74.80	8098
69	6214	1965	75.98	8179
70	6109	1867	76.59	7976
71	6177	2006	75.49	8183
72	6250	1977	75.97	8227
73	6216	1957	76.06	8173
74	6160	2074	74.81	8234
75	6207	2013	75.51	8220
76	5848	1868	75.79	7716
77	5897	1902	75.61	7799
78	5756	1832	75.86	7588
79	5977	1897	75.91	7874
80	6003	2039	74.65	8042
81	6014	1892	76.07	7906
82	6015	1868	76.30	7883
83	5932	1869	76.04	7801
84	5939	1882	75.94	7821
85	5904	1968	75.00	7872
86	5726	1964	74.46	7690
87	5840	1817	76.27	7657
88	6018	1870	76.29	7888
89	6031	1911	75.94	7942
90	5761	1871	75.48	7632
91	5961	1873	76.09	7834
92	6171	1804	77.38	7975
93	6128	1893	76.40	8021
94	5917	1842	76.26	7759
95	6114	1871	76.57	7985
96	6284	1908	76.71	8192
97	6124	1840	76.90	7964
98	5916	1883	75.86	7799
99	5974	1762	77.22	7736
100	6152	1733	78.02	7885
101	5961	1805	76.76	7766
102	5948	1800	76.77	7748
103	5911	1803	76.63	7714
104	6085	1796	77.21	7881
105	5852	1880	75.69	7732
106	5863	1836	76.15	7699
107	6026	1686	78.14	7712
108	5942	1761	77.14	7703
109	5619	1806	75.68	7425
110	5541	1768	75.81	7309
111	5749	1678	77.41	7427
112	5743	1696	77.20	7439
113	5791	1629	78.05	7420
114	5828	1709	77.33	7537
115	5858	1656	77.96	7514
116	5696	1616	77.90	7312
117	5582	1772	75.90	7354
118	5655	1653	77.38	7308
119	5466	1711	76.16	7177
120	5347	1654	76.37	7001
121	5465	1678	76.51	7143
122	5429	1560	77.68	6989
123	5282	1545	77.37	6827
124	5329	1532	77.67	6861
125	5180	1522	77.29	6702
126	5206	1369	79.18	6575
127	4814	1423	77.18	6237
128	4952	1253	79.81	6205
129	4417	0	100.00	4417

CHG context
===========
position	count methylated	count unmethylated	% methylation	coverage
1	275	37008	0.74	37283
2	304	36893	0.82	37197
3	353	37783	0.93	38136
4	306	37559	0.81	37865
5	240	35769	0.67	36009
6	291	36473	0.79	36764
7	318	36071	0.87	36389
8	261	35590	0.73	35851
9	260	35090	0.74	35350
10	278	34840	0.79	35118
11	276	35253	0.78	35529
12	273	35875	0.76	36148
13	284	34700	0.81	34984
14	306	33401	0.91	33707
15	296	34460	0.85	34756
16	278	33916	0.81	34194
17	266	33165	0.80	33431
18	277	33174	0.83	33451
19	269	33515	0.80	33784
20	268	33629	0.79	33897
21	274	34588	0.79	34862
22	279	33960	0.81	34239
23	283	34020	0.83	34303
24	268	35613	0.75	35881
25	286	34703	0.82	34989
26	258	34270	0.75	34528
27	303	34188	0.88	34491
28	289	34321	0.84	34610
29	307	35573	0.86	35880
30	301	34911	0.85	35212
31	271	34193	0.79	34464
32	273	34040	0.80	34313
33	256	33621	0.76	33877
34	257	34579	0.74	34836
35	309	33776	0.91	34085
36	260	33709	0.77	33969
37	253	33387	0.75	33640
38	304	32973	0.91	33277
39	292	33632	0.86	33924
40	283	34543	0.81	34826
41	244	34391	0.70	34635
42	278	34251	0.81	34529
43	295	33394	0.88	33689
44	310	33768	0.91	34078
45	307	34157	0.89	34464
46	318	32725	0.96	33043
47	290	33228	0.87	33518
48	305	33629	0.90	33934
49	275	33002	0.83	33277
50	229	32749	0.69	32978
51	350	32259	1.07	32609
52	288	32482	0.88	32770
53	264	32246	0.81	32510
54	254	32565	0.77	32819
55	239	32100	0.74	32339
56	305	32493	0.93	32798
57	289	32356	0.89	32645
58	312	32739	0.94	33051
59	280	32958	0.84	33238
60	261	32660	0.79	32921
61	274	31493	0.86	31767
62	293	31830	0.91	32123
63	296	32044	0.92	32340
64	333	32801	1.01	33134
65	284	32384	0.87	32668
66	288	31586	0.90	31874
67	282	31909	0.88	32191
68	278	32090	0.86	32368
69	280	32009	0.87	32289
70	276	31768	0.86	32044
71	249	32022	0.77	32271
72	261	31678	0.82	31939
73	302	32044	0.93	32346
74	255	32093	0.79	32348
75	263	31734	0.82	31997
76	283	32043	0.88	32326
77	267	32518	0.81	32785
78	304	31980	0.94	32284
79	309	32071	0.95	32380
80	299	33015	0.90	33314
81	288	32254	0.89	32542
82	358	31468	1.12	31826
83	318	31523	1.00	31841
84	356	31509	1.12	31865
85	278	31300	0.88	31578
86	335	30985	1.07	31320
87	258	31250	0.82	31508
88	320	31659	1.00	31979
89	311	31869	0.97	32180
90	286	30884	0.92	31170
91	299	30454	0.97	30753
92	284	30792	0.91	31076
93	319	30584	1.03	30903
94	252	30229	0.83	30481
95	257	29924	0.85	30181
96	250	29986	0.83	30236
97	297	30271	0.97	30568
98	299	29430	1.01	29729
99	308	29183	1.04	29491
100	340	28904	1.16	29244
101	328	29163	1.11	29491
102	298	28786	1.02	29084
103	296	29125	1.01	29421
104	294	28877	1.01	29171
105	315	28399	1.10	28714
106	299	28922	1.02	29221
107	295	28868	1.01	29163
108	358	29583	1.20	29941
109	336	29015	1.14	29351
110	374	28806	1.28	29180
111	289	29150	0.98	29439
112	267	29042	0.91	29309
113	313	28228	1.10	28541
114	357	28247	1.25	28604
115	368	28664	1.27	29032
116	314	27898	1.11	28212
117	310	27617	1.11	27927
118	300	27992	1.06	28292
119	351	27818	1.25	28169
120	360	26976	1.32	27336
121	321	26778	1.18	27099
122	384	26732	1.42	27116
123	320	26481	1.19	26801
124	329	25727	1.26	26056
125	324	25521	1.25	25845
126	354	24593	1.42	24947
127	305	23130	1.30	23435
128	261	20472	1.26	20733
129	165	0	100.00	165

CHH context
===========
position	count methylated	count unmethylated	% methylation	coverage
1	804	105478	0.76	106282
2	818	102528	0.79	103346
3	841	104117	0.80	104958
4	908	104672	0.86	105580
5	916	102463	0.89	103379
6	938	102781	0.90	103719
7	850	102737	0.82	103587
8	894	102416	0.87	103310
9	922	103998	0.88	104920
10	893	101723	0.87	102616
11	962	102045	0.93	103007
12	920	102539	0.89	103459
13	939	104641	0.89	105580
14	909	102573	0.88	103482
15	969	100693	0.95	101662
16	957	99988	0.95	100945
17	946	98695	0.95	99641
18	887	97303	0.90	98190
19	828	95019	0.86	95847
20	796	95293	0.83	96089
21	866	97110	0.88	97976
22	891	99025	0.89	99916
23	797	97170	0.81	97967
24	877	96679	0.90	97556
25	928	98151	0.94	99079
26	811	98785	0.81	99596
27	951	97082	0.97	98033
28	877	96754	0.90	97631
29	885	96560	0.91	97445
30	934	96842	0.96	97776
31	870	96824	0.89	97694
32	848	96188	0.87	97036
33	908	95364	0.94	96272
34	777	94803	0.81	95580
35	782	96619	0.80	97401
36	895	97620	0.91	98515
37	870	97395	0.89	98265
38	928	97477	0.94	98405
39	841	99136	0.84	99977
40	819	99688	0.81	100507
41	861	101661	0.84	102522
42	924	101292	0.90	102216
43	928	98144	0.94	99072
44	822	100233	0.81	101055
45	864	101877	0.84	102741
46	951	101261	0.93	102212
47	947	101058	0.93	102005
48	916	100717	0.90	101633
49	917	100081	0.91	100998
50	893	99901	0.89	100794
51	1007	99688	1.00	100695
52	959	98889	0.96	99848
53	864	99059	0.86	99923
54	901	98852	0.90	99753
55	878	98326	0.89	99204
56	924	97501	0.94	98425
57	928	98942	0.93	99870
58	837	98050	0.85	98887
59	907	98223	0.91	99130
60	833	98324	0.84	99157
61	887	97914	0.90	98801
62	993	96568	1.02	97561
63	881	97223	0.90	98104
64	944	97137	0.96	98081
65	928	96890	0.95	97818
66	1037	94964	1.08	96001
67	900	95822	0.93	96722
68	873	96105	0.90	96978
69	832	95548	0.86	96380
70	955	95918	0.99	96873
71	895	96490	0.92	97385
72	850	97121	0.87	97971
73	877	96618	0.90	97495
74	990	96992	1.01	97982
75	893	96557	0.92	97450
76	933	96913	0.95	97846
77	1010	97378	1.03	98388
78	866	97790	0.88	98656
79	852	97329	0.87	98181
80	968	96950	0.99	97918
81	923	98021	0.93	98944
82	980	97529	0.99	98509
83	888	95959	0.92	96847
84	938	95573	0.97	96511
85	874	96145	0.90	97019
86	1187	94589	1.24	95776
87	923	94452	0.97	95375
88	1008	93787	1.06	94795
89	881	93933	0.93	94814
90	988	94166	1.04	95154
91	995	93355	1.05	94350
92	968	93329	1.03	94297
93	922	92371	0.99	93293
94	776	93364	0.82	94140
95	902	93008	0.96	93910
96	860	91312	0.93	92172
97	945	91858	1.02	92803
98	961	90780	1.05	91741
99	962	91196	1.04	92158
100	1035	90245	1.13	91280
101	900	90103	0.99	91003
102	918	90448	1.00	91366
103	961	90105	1.06	91066
104	991	90559	1.08	91550
105	990	89798	1.09	90788
106	1030	88732	1.15	89762
107	1010	88964	1.12	89974
108	986	88455	1.10	89441
109	1031	88284	1.15	89315
110	1064	86727	1.21	87791
111	953	87456	1.08	88409
112	908	87108	1.03	88016
113	941	85825	1.08	86766
114	1032	84934	1.20	85966
115	1098	85054	1.27	86152
116	1006	84842	1.17	85848
117	978	84801	1.14	85779
118	1020	84310	1.20	85330
119	1051	84102	1.23	85153
120	1123	83333	1.33	84456
121	1047	81556	1.27	82603
122	1146	81393	1.39	82539
123	1033	79949	1.28	80982
124	1048	78305	1.32	79353
125	1109	76358	1.43	77467
126	990	74683	1.31	75673
127	953	70031	1.34	70984
128	750	61664	1.20	62414
129	498	0	100.00	498

