CpG context
===========
position	count methylated	count unmethylated	% methylation	coverage
1	5258	2694	66.12	7952
2	5311	2265	70.10	7576
3	4989	2018	71.20	7007
4	4913	1773	73.48	6686
5	4771	1685	73.90	6456
6	4500	1540	74.50	6040
7	4187	1693	71.21	5880
8	4231	1523	73.53	5754
9	4216	1525	73.44	5741
10	4282	1517	73.84	5799
11	4246	1461	74.40	5707
12	4017	1489	72.96	5506
13	4139	1449	74.07	5588
14	4277	1445	74.75	5722
15	4133	1486	73.55	5619
16	4261	1568	73.10	5829
17	4117	1472	73.66	5589
18	4184	1496	73.66	5680
19	4197	1434	74.53	5631
20	4037	1450	73.57	5487
21	4028	1422	73.91	5450
22	4088	1484	73.37	5572
23	4018	1442	73.59	5460
24	4175	1428	74.51	5603
25	4140	1525	73.08	5665
26	4264	1386	75.47	5650
27	4039	1500	72.92	5539
28	4158	1405	74.74	5563
29	3981	1448	73.33	5429
30	3944	1486	72.63	5430
31	4142	1487	73.58	5629
32	4271	1462	74.50	5733
33	4193	1476	73.96	5669
34	4373	1415	75.55	5788
35	4187	1505	73.56	5692
36	4256	1438	74.75	5694
37	4246	1504	73.84	5750
38	4147	1452	74.07	5599
39	4146	1469	73.84	5615
40	4148	1470	73.83	5618
41	4155	1444	74.21	5599
42	4220	1451	74.41	5671
43	4164	1464	73.99	5628
44	4210	1441	74.50	5651
45	4195	1418	74.74	5613
46	4159	1489	73.64	5648
47	4162	1512	73.35	5674
48	4268	1380	75.57	5648
49	4106	1442	74.01	5548
50	4122	1489	73.46	5611
51	4088	1412	74.33	5500
52	4056	1463	73.49	5519
53	4138	1487	73.56	5625
54	4184	1551	72.96	5735
55	4109	1472	73.62	5581
56	4108	1509	73.14	5617
57	4111	1512	73.11	5623
58	4026	1451	73.51	5477
59	4034	1458	73.45	5492
60	4131	1490	73.49	5621
61	3957	1445	73.25	5402
62	3886	1450	72.83	5336
63	4029	1508	72.77	5537
64	3917	1555	71.58	5472
65	3953	1460	73.03	5413
66	3905	1463	72.75	5368
67	3939	1438	73.26	5377
68	3958	1470	72.92	5428
69	3880	1514	71.93	5394
70	3797	1463	72.19	5260
71	3934	1501	72.38	5435
72	4014	1415	73.94	5429
73	3825	1532	71.40	5357
74	3888	1422	73.22	5310
75	4012	1438	73.61	5450
76	3741	1453	72.03	5194
77	3831	1500	71.86	5331
78	3940	1511	72.28	5451
79	3847	1496	72.00	5343
80	4043	1378	74.58	5421
81	3808	1492	71.85	5300
82	3963	1554	71.83	5517
83	3979	1516	72.41	5495
84	3977	1520	72.35	5497
85	3888	1512	72.00	5400
86	3958	1569	71.61	5527
87	3857	1496	72.05	5353
88	3930	1477	72.68	5407
89	3801	1449	72.40	5250
90	3869	1483	72.29	5352
91	3808	1460	72.29	5268
92	3864	1595	70.78	5459
93	3882	1573	71.16	5455
94	3797	1505	71.61	5302
95	3806	1637	69.92	5443
96	3974	1541	72.06	5515
97	3686	1630	69.34	5316
98	3647	1698	68.23	5345
99	3474	1707	67.05	5181
100	3521	1753	66.76	5274
101	3465	1693	67.18	5158
102	3457	1769	66.15	5226
103	3428	1878	64.61	5306
104	3351	1854	64.38	5205
105	3254	1843	63.84	5097
106	3157	1905	62.37	5062
107	3071	1797	63.09	4868
108	3203	1858	63.29	5061
109	2979	1928	60.71	4907
110	3018	1875	61.68	4893
111	2958	1919	60.65	4877
112	2786	1952	58.80	4738
113	2779	1918	59.17	4697
114	2853	1962	59.25	4815
115	2782	2020	57.93	4802
116	2689	2010	57.22	4699
117	2624	2035	56.32	4659
118	2745	2076	56.94	4821
119	2643	2138	55.28	4781
120	2720	1939	58.38	4659
121	2579	2042	55.81	4621
122	2643	2038	56.46	4681
123	2769	2049	57.47	4818
124	2644	1956	57.48	4600
125	2609	1912	57.71	4521
126	2480	2032	54.96	4512
127	2601	1934	57.35	4535
128	2623	1955	57.30	4578
129	2682	1942	58.00	4624
130	2617	1905	57.87	4522
131	2597	1960	56.99	4557
132	2598	1993	56.59	4591
133	2468	1943	55.95	4411
134	2549	1823	58.30	4372
135	2402	1912	55.68	4314
136	2453	1896	56.40	4349
137	2486	1880	56.94	4366
138	2319	1814	56.11	4133
139	2319	1785	56.51	4104
140	2318	1703	57.65	4021
141	2173	1653	56.80	3826
142	2230	1591	58.36	3821
143	2260	1405	61.66	3665
144	2103	1378	60.41	3481
145	1894	632	74.98	2526

CHG context
===========
position	count methylated	count unmethylated	% methylation	coverage
1	3584	21001	14.58	24585
2	2622	21174	11.02	23796
3	1888	22083	7.88	23971
4	1361	22444	5.72	23805
5	954	22278	4.11	23232
6	679	22363	2.95	23042
7	487	22840	2.09	23327
8	385	22987	1.65	23372
9	352	23348	1.49	23700
10	343	23136	1.46	23479
11	294	22818	1.27	23112
12	331	23341	1.40	23672
13	299	23310	1.27	23609
14	369	22923	1.58	23292
15	313	23055	1.34	23368
16	354	23140	1.51	23494
17	316	23233	1.34	23549
18	340	22680	1.48	23020
19	364	22609	1.58	22973
20	374	22535	1.63	22909
21	370	22695	1.60	23065
22	357	22396	1.57	22753
23	377	22770	1.63	23147
24	341	22394	1.50	22735
25	379	22623	1.65	23002
26	349	22452	1.53	22801
27	395	22571	1.72	22966
28	326	21889	1.47	22215
29	369	22057	1.65	22426
30	337	22338	1.49	22675
31	343	22311	1.51	22654
32	340	22618	1.48	22958
33	359	22343	1.58	22702
34	369	22489	1.61	22858
35	370	22420	1.62	22790
36	361	22172	1.60	22533
37	367	22325	1.62	22692
38	340	22140	1.51	22480
39	331	22589	1.44	22920
40	345	22000	1.54	22345
41	381	21972	1.70	22353
42	350	22542	1.53	22892
43	298	22452	1.31	22750
44	361	21921	1.62	22282
45	345	21978	1.55	22323
46	272	21851	1.23	22123
47	396	22055	1.76	22451
48	302	21773	1.37	22075
49	317	22125	1.41	22442
50	283	21904	1.28	22187
51	268	22120	1.20	22388
52	323	22020	1.45	22343
53	355	22086	1.58	22441
54	342	21895	1.54	22237
55	339	22048	1.51	22387
56	350	21576	1.60	21926
57	360	21954	1.61	22314
58	356	21532	1.63	21888
59	387	21917	1.74	22304
60	328	21807	1.48	22135
61	368	21440	1.69	21808
62	362	21795	1.63	22157
63	344	22112	1.53	22456
64	342	21834	1.54	22176
65	330	21774	1.49	22104
66	296	21512	1.36	21808
67	332	21691	1.51	22023
68	299	21950	1.34	22249
69	363	21873	1.63	22236
70	290	21512	1.33	21802
71	337	21730	1.53	22067
72	338	21454	1.55	21792
73	365	21419	1.68	21784
74	322	21987	1.44	22309
75	322	21472	1.48	21794
76	358	21597	1.63	21955
77	352	21951	1.58	22303
78	353	21561	1.61	21914
79	305	21521	1.40	21826
80	343	21927	1.54	22270
81	290	21685	1.32	21975
82	314	21797	1.42	22111
83	382	21628	1.74	22010
84	366	21594	1.67	21960
85	339	21335	1.56	21674
86	304	21745	1.38	22049
87	352	21733	1.59	22085
88	315	21582	1.44	21897
89	327	21298	1.51	21625
90	274	21360	1.27	21634
91	319	21510	1.46	21829
92	355	21156	1.65	21511
93	330	21679	1.50	22009
94	313	21108	1.46	21421
95	344	21438	1.58	21782
96	324	21746	1.47	22070
97	299	21451	1.37	21750
98	319	21703	1.45	22022
99	345	21864	1.55	22209
100	299	20758	1.42	21057
101	316	21314	1.46	21630
102	295	21157	1.38	21452
103	292	21106	1.36	21398
104	295	21279	1.37	21574
105	307	21365	1.42	21672
106	265	20991	1.25	21256
107	297	21417	1.37	21714
108	297	20891	1.40	21188
109	282	20870	1.33	21152
110	272	20819	1.29	21091
111	267	21100	1.25	21367
112	265	20874	1.25	21139
113	297	21019	1.39	21316
114	287	20944	1.35	21231
115	268	20694	1.28	20962
116	292	20661	1.39	20953
117	287	20833	1.36	21120
118	281	20496	1.35	20777
119	308	21042	1.44	21350
120	266	20322	1.29	20588
121	268	20526	1.29	20794
122	292	20622	1.40	20914
123	294	20224	1.43	20518
124	248	19995	1.23	20243
125	355	20183	1.73	20538
126	267	20200	1.30	20467
127	272	19958	1.34	20230
128	345	20181	1.68	20526
129	321	20498	1.54	20819
130	294	20266	1.43	20560
131	304	19675	1.52	19979
132	301	19681	1.51	19982
133	304	19718	1.52	20022
134	309	19601	1.55	19910
135	335	19535	1.69	19870
136	313	19315	1.59	19628
137	308	19246	1.58	19554
138	329	19168	1.69	19497
139	342	18569	1.81	18911
140	339	18385	1.81	18724
141	303	18140	1.64	18443
142	303	17111	1.74	17414
143	263	14365	1.80	14628
144	230	14655	1.55	14885
145	179	10789	1.63	10968

CHH context
===========
position	count methylated	count unmethylated	% methylation	coverage
1	10912	47237	18.77	58149
2	8692	51738	14.38	60430
3	6813	56318	10.79	63131
4	4932	59833	7.62	64765
5	3439	61989	5.26	65428
6	2513	63842	3.79	66355
7	1806	64475	2.72	66281
8	1514	65248	2.27	66762
9	1342	64440	2.04	65782
10	1261	64635	1.91	65896
11	1285	64692	1.95	65977
12	1277	64019	1.96	65296
13	1141	63710	1.76	64851
14	1183	63770	1.82	64953
15	1160	63835	1.78	64995
16	1155	63990	1.77	65145
17	1178	64698	1.79	65876
18	1244	64386	1.90	65630
19	1199	63201	1.86	64400
20	1198	63650	1.85	64848
21	1189	63014	1.85	64203
22	1173	63655	1.81	64828
23	1190	63833	1.83	65023
24	1254	63720	1.93	64974
25	1263	63265	1.96	64528
26	1243	64209	1.90	65452
27	1248	63298	1.93	64546
28	1284	63704	1.98	64988
29	1243	63823	1.91	65066
30	1334	64736	2.02	66070
31	1251	63519	1.93	64770
32	1291	63875	1.98	65166
33	1237	64263	1.89	65500
34	1242	64183	1.90	65425
35	1336	63958	2.05	65294
36	1288	64288	1.96	65576
37	1383	64294	2.11	65677
38	1328	64174	2.03	65502
39	1209	63814	1.86	65023
40	1337	63472	2.06	64809
41	1278	64713	1.94	65991
42	1378	64023	2.11	65401
43	1295	64169	1.98	65464
44	1291	64058	1.98	65349
45	1246	63927	1.91	65173
46	1256	64548	1.91	65804
47	1322	64143	2.02	65465
48	1216	64800	1.84	66016
49	1299	65325	1.95	66624
50	1268	64422	1.93	65690
51	1310	64335	2.00	65645
52	1305	64248	1.99	65553
53	1269	64385	1.93	65654
54	1292	64384	1.97	65676
55	1263	65156	1.90	66419
56	1307	65247	1.96	66554
57	1260	64794	1.91	66054
58	1245	65116	1.88	66361
59	1243	65023	1.88	66266
60	1305	65259	1.96	66564
61	1257	65657	1.88	66914
62	1235	65957	1.84	67192
63	1325	64516	2.01	65841
64	1341	65295	2.01	66636
65	1326	65592	1.98	66918
66	1250	64886	1.89	66136
67	1229	65046	1.85	66275
68	1315	64507	2.00	65822
69	1235	63893	1.90	65128
70	1259	64309	1.92	65568
71	1291	63888	1.98	65179
72	1230	64636	1.87	65866
73	1230	63686	1.89	64916
74	1244	64056	1.91	65300
75	1330	64471	2.02	65801
76	1258	64337	1.92	65595
77	1299	64129	1.99	65428
78	1242	63991	1.90	65233
79	1283	64069	1.96	65352
80	1217	64183	1.86	65400
81	1200	64278	1.83	65478
82	1280	64468	1.95	65748
83	1217	64062	1.86	65279
84	1171	64084	1.79	65255
85	1208	64761	1.83	65969
86	1248	65165	1.88	66413
87	1194	64644	1.81	65838
88	1230	65260	1.85	66490
89	1318	64576	2.00	65894
90	1201	64683	1.82	65884
91	1326	65326	1.99	66652
92	1249	65298	1.88	66547
93	1220	65106	1.84	66326
94	1157	65313	1.74	66470
95	1225	65424	1.84	66649
96	1203	65736	1.80	66939
97	1171	65760	1.75	66931
98	1230	65100	1.85	66330
99	1134	65255	1.71	66389
100	1146	65509	1.72	66655
101	1201	65151	1.81	66352
102	1170	65246	1.76	66416
103	1168	65739	1.75	66907
104	1166	66023	1.74	67189
105	1140	65071	1.72	66211
106	1134	65516	1.70	66650
107	1075	65794	1.61	66869
108	1105	65548	1.66	66653
109	1138	65353	1.71	66491
110	1142	65729	1.71	66871
111	1067	65072	1.61	66139
112	1075	64864	1.63	65939
113	1035	64793	1.57	65828
114	1126	64075	1.73	65201
115	1038	64198	1.59	65236
116	1055	64127	1.62	65182
117	1057	64551	1.61	65608
118	1010	63416	1.57	64426
119	1005	64040	1.55	65045
120	1001	63885	1.54	64886
121	1055	64235	1.62	65290
122	1044	64184	1.60	65228
123	1029	63673	1.59	64702
124	1046	64483	1.60	65529
125	1100	63860	1.69	64960
126	1072	63974	1.65	65046
127	1053	63220	1.64	64273
128	1051	62657	1.65	63708
129	1112	62916	1.74	64028
130	1103	62630	1.73	63733
131	1066	62390	1.68	63456
132	1040	62016	1.65	63056
133	1007	62430	1.59	63437
134	1022	62325	1.61	63347
135	1071	61994	1.70	63065
136	1007	61865	1.60	62872
137	1032	61647	1.65	62679
138	1161	60498	1.88	61659
139	1064	60145	1.74	61209
140	1044	59834	1.71	60878
141	1096	58515	1.84	59611
142	923	57292	1.59	58215
143	1039	55746	1.83	56785
144	883	51576	1.68	52459
145	654	40189	1.60	40843

