CpG context
===========
position	count methylated	count unmethylated	% methylation	coverage
1	387	82	82.52	469
2	141	53	72.68	194
3	136	36	79.07	172
4	115	26	81.56	141
5	116	28	80.56	144
6	83	27	75.45	110
7	82	31	72.57	113
8	100	26	79.37	126
9	116	33	77.85	149
10	218	53	80.44	271
11	143	28	83.63	171
12	162	33	83.08	195
13	221	34	86.67	255
14	137	37	78.74	174
15	191	29	86.82	220
16	173	46	79.00	219
17	207	68	75.27	275
18	126	42	75.00	168
19	126	37	77.30	163
20	107	22	82.95	129
21	134	28	82.72	162
22	136	24	85.00	160
23	122	24	83.56	146
24	121	23	84.03	144
25	116	24	82.86	140
26	89	17	83.96	106
27	187	25	88.21	212
28	205	61	77.07	266
29	245	50	83.05	295
30	114	28	80.28	142
31	267	51	83.96	318
32	205	29	87.61	234
33	171	40	81.04	211
34	128	28	82.05	156
35	120	30	80.00	150
36	137	20	87.26	157
37	142	28	83.53	170
38	115	26	81.56	141
39	204	28	87.93	232
40	302	45	87.03	347
41	331	57	85.31	388
42	187	18	91.22	205
43	219	38	85.21	257
44	167	29	85.20	196
45	157	31	83.51	188
46	126	34	78.75	160
47	179	40	81.74	219
48	127	25	83.55	152
49	167	38	81.46	205
50	138	32	81.18	170
51	186	50	78.81	236
52	272	51	84.21	323
53	134	14	90.54	148
54	148	31	82.68	179
55	164	36	82.00	200
56	151	34	81.62	185
57	182	39	82.35	221
58	233	34	87.27	267
59	386	66	85.40	452
60	247	50	83.16	297
61	177	35	83.49	212
62	92	18	83.64	110
63	130	32	80.25	162
64	113	29	79.58	142
65	100	18	84.75	118
66	98	17	85.22	115
67	117	25	82.39	142
68	147	47	75.77	194
69	116	22	84.06	138
70	185	34	84.47	219
71	149	46	76.41	195
72	148	29	83.62	177
73	222	40	84.73	262
74	155	32	82.89	187
75	123	34	78.34	157
76	123	30	80.39	153
77	233	28	89.27	261
78	116	21	84.67	137
79	119	34	77.78	153
80	97	21	82.20	118
81	97	19	83.62	116
82	126	30	80.77	156
83	95	27	77.87	122
84	109	25	81.34	134
85	166	40	80.58	206
86	202	27	88.21	229
87	244	38	86.52	282
88	207	42	83.13	249
89	252	50	83.44	302
90	127	22	85.23	149
91	122	26	82.43	148
92	125	24	83.89	149
93	100	27	78.74	127
94	92	24	79.31	116
95	107	27	79.85	134
96	123	22	84.83	145
97	178	33	84.36	211
98	251	44	85.08	295
99	247	39	86.36	286
100	206	37	84.77	243
101	198	29	87.22	227
102	147	25	85.47	172
103	123	25	83.11	148
104	124	30	80.52	154
105	199	32	86.15	231
106	106	26	80.30	132
107	159	30	84.13	189
108	96	18	84.21	114
109	148	30	83.15	178
110	206	42	83.06	248
111	147	27	84.48	174
112	145	36	80.11	181
113	184	44	80.70	228
114	151	30	83.43	181
115	125	38	76.69	163
116	180	43	80.72	223
117	177	41	81.19	218
118	153	25	85.96	178
119	167	41	80.29	208
120	151	24	86.29	175
121	97	42	69.78	139
122	72	17	80.90	89
123	101	16	86.32	117
124	80	17	82.47	97
125	87	21	80.56	108
126	84	22	79.25	106
127	91	25	78.45	116
128	126	35	78.26	161
129	73	0	100.00	73

CHG context
===========
position	count methylated	count unmethylated	% methylation	coverage
1	6	477	1.24	483
2	8	574	1.37	582
3	10	573	1.72	583
4	6	516	1.15	522
5	1	438	0.23	439
6	9	399	2.21	408
7	9	335	2.62	344
8	7	438	1.57	445
9	2	405	0.49	407
10	9	430	2.05	439
11	3	427	0.70	430
12	16	437	3.53	453
13	9	468	1.89	477
14	2	431	0.46	433
15	6	396	1.49	402
16	0	331	0.00	331
17	5	375	1.32	380
18	4	395	1.00	399
19	17	437	3.74	454
20	7	441	1.56	448
21	8	566	1.39	574
22	9	604	1.47	613
23	8	562	1.40	570
24	9	563	1.57	572
25	6	439	1.35	445
26	4	382	1.04	386
27	7	334	2.05	341
28	3	324	0.92	327
29	2	399	0.50	401
30	9	433	2.04	442
31	8	511	1.54	519
32	11	498	2.16	509
33	8	532	1.48	540
34	6	419	1.41	425
35	9	357	2.46	366
36	4	361	1.10	365
37	5	364	1.36	369
38	5	362	1.36	367
39	5	343	1.44	348
40	13	528	2.40	541
41	3	458	0.65	461
42	9	456	1.94	465
43	6	378	1.56	384
44	8	318	2.45	326
45	6	387	1.53	393
46	6	453	1.31	459
47	8	433	1.81	441
48	7	496	1.39	503
49	7	581	1.19	588
50	18	685	2.56	703
51	7	666	1.04	673
52	4	522	0.76	526
53	5	477	1.04	482
54	10	405	2.41	415
55	6	413	1.43	419
56	5	386	1.28	391
57	2	342	0.58	344
58	11	368	2.90	379
59	14	419	3.23	433
60	11	581	1.86	592
61	10	593	1.66	603
62	5	526	0.94	531
63	7	432	1.59	439
64	5	402	1.23	407
65	6	388	1.52	394
66	3	381	0.78	384
67	6	442	1.34	448
68	13	460	2.75	473
69	7	400	1.72	407
70	5	482	1.03	487
71	5	477	1.04	482
72	7	366	1.88	373
73	3	395	0.75	398
74	7	415	1.66	422
75	7	389	1.77	396
76	5	402	1.23	407
77	6	395	1.50	401
78	8	469	1.68	477
79	10	478	2.05	488
80	14	467	2.91	481
81	11	501	2.15	512
82	13	541	2.35	554
83	9	506	1.75	515
84	8	392	2.00	400
85	5	331	1.49	336
86	4	326	1.21	330
87	18	317	5.37	335
88	9	366	2.40	375
89	5	349	1.41	354
90	4	376	1.05	380
91	8	420	1.87	428
92	8	378	2.07	386
93	5	403	1.23	408
94	4	342	1.16	346
95	6	357	1.65	363
96	6	376	1.57	382
97	6	434	1.36	440
98	2	401	0.50	403
99	11	462	2.33	473
100	8	448	1.75	456
101	6	380	1.55	386
102	8	377	2.08	385
103	7	382	1.80	389
104	10	420	2.33	430
105	4	376	1.05	380
106	8	411	1.91	419
107	4	399	0.99	403
108	17	545	3.02	562
109	4	612	0.65	616
110	15	583	2.51	598
111	6	498	1.19	504
112	10	501	1.96	511
113	4	353	1.12	357
114	7	371	1.85	378
115	8	371	2.11	379
116	5	338	1.46	343
117	7	309	2.22	316
118	6	354	1.67	360
119	5	419	1.18	424
120	6	492	1.20	498
121	1	447	0.22	448
122	13	392	3.21	405
123	6	352	1.68	358
124	2	350	0.57	352
125	2	347	0.57	349
126	11	419	2.56	430
127	6	464	1.28	470
128	2	409	0.49	411
129	6	0	100.00	6

CHH context
===========
position	count methylated	count unmethylated	% methylation	coverage
1	21	1913	1.09	1934
2	34	1693	1.97	1727
3	28	1783	1.55	1811
4	35	1668	2.06	1703
5	28	1702	1.62	1730
6	33	1647	1.96	1680
7	22	1792	1.21	1814
8	30	1793	1.65	1823
9	35	1642	2.09	1677
10	37	1891	1.92	1928
11	30	1781	1.66	1811
12	41	1844	2.18	1885
13	40	1777	2.20	1817
14	27	1617	1.64	1644
15	38	1716	2.17	1754
16	35	1702	2.01	1737
17	20	1593	1.24	1613
18	34	1730	1.93	1764
19	34	1741	1.92	1775
20	26	1522	1.68	1548
21	38	1717	2.17	1755
22	47	1497	3.04	1544
23	35	1610	2.13	1645
24	65	1901	3.31	1966
25	41	2164	1.86	2205
26	52	2292	2.22	2344
27	34	1941	1.72	1975
28	41	1980	2.03	2021
29	39	1868	2.05	1907
30	45	1761	2.49	1806
31	47	1888	2.43	1935
32	34	1815	1.84	1849
33	28	1999	1.38	2027
34	30	1914	1.54	1944
35	24	1804	1.31	1828
36	23	1858	1.22	1881
37	30	2000	1.48	2030
38	40	2022	1.94	2062
39	28	1979	1.40	2007
40	44	2008	2.14	2052
41	34	1969	1.70	2003
42	39	2111	1.81	2150
43	51	2133	2.34	2184
44	36	1887	1.87	1923
45	18	1654	1.08	1672
46	24	1495	1.58	1519
47	25	1607	1.53	1632
48	21	1603	1.29	1624
49	32	1832	1.72	1864
50	38	1702	2.18	1740
51	37	1529	2.36	1566
52	28	1738	1.59	1766
53	27	1656	1.60	1683
54	37	1818	1.99	1855
55	27	1842	1.44	1869
56	35	2046	1.68	2081
57	32	1985	1.59	2017
58	36	1989	1.78	2025
59	35	1840	1.87	1875
60	25	1881	1.31	1906
61	43	1926	2.18	1969
62	34	1650	2.02	1684
63	25	1704	1.45	1729
64	34	1653	2.02	1687
65	23	1689	1.34	1712
66	28	1762	1.56	1790
67	32	1745	1.80	1777
68	36	1879	1.88	1915
69	26	1927	1.33	1953
70	25	2017	1.22	2042
71	30	1841	1.60	1871
72	36	1805	1.96	1841
73	44	1780	2.41	1824
74	41	1816	2.21	1857
75	29	1788	1.60	1817
76	38	1724	2.16	1762
77	27	1725	1.54	1752
78	34	1626	2.05	1660
79	29	1796	1.59	1825
80	27	1637	1.62	1664
81	39	1633	2.33	1672
82	29	1781	1.60	1810
83	33	1954	1.66	1987
84	28	2119	1.30	2147
85	34	2065	1.62	2099
86	34	2084	1.61	2118
87	35	1948	1.77	1983
88	42	1881	2.18	1923
89	42	1858	2.21	1900
90	47	1904	2.41	1951
91	43	2173	1.94	2216
92	32	2020	1.56	2052
93	34	1830	1.82	1864
94	48	1884	2.48	1932
95	35	1884	1.82	1919
96	33	1902	1.71	1935
97	30	1980	1.49	2010
98	41	1944	2.07	1985
99	36	1943	1.82	1979
100	33	2059	1.58	2092
101	26	2137	1.20	2163
102	33	2153	1.51	2186
103	33	1894	1.71	1927
104	28	1669	1.65	1697
105	30	1688	1.75	1718
106	34	1721	1.94	1755
107	45	1786	2.46	1831
108	31	1751	1.74	1782
109	43	1676	2.50	1719
110	29	1563	1.82	1592
111	23	1562	1.45	1585
112	33	1761	1.84	1794
113	23	1917	1.19	1940
114	34	1948	1.72	1982
115	38	2097	1.78	2135
116	28	2111	1.31	2139
117	31	1896	1.61	1927
118	42	2111	1.95	2153
119	29	2117	1.35	2146
120	21	1959	1.06	1980
121	31	1803	1.69	1834
122	17	1650	1.02	1667
123	35	1594	2.15	1629
124	20	1571	1.26	1591
125	24	1593	1.48	1617
126	23	1753	1.30	1776
127	23	1691	1.34	1714
128	13	1753	0.74	1766
129	8	0	100.00	8

