CpG context
===========
position	count methylated	count unmethylated	% methylation	coverage
1	120	73	62.18	193
2	123	41	75.00	164
3	109	32	77.30	141
4	104	25	80.62	129
5	116	25	82.27	141
6	94	16	85.45	110
7	121	10	92.37	131
8	109	19	85.16	128
9	121	12	90.98	133
10	111	25	81.62	136
11	123	10	92.48	133
12	97	20	82.91	117
13	116	25	82.27	141
14	115	22	83.94	137
15	128	22	85.33	150
16	129	21	86.00	150
17	120	17	87.59	137
18	119	24	83.22	143
19	110	19	85.27	129
20	131	21	86.18	152
21	107	21	83.59	128
22	130	26	83.33	156
23	115	24	82.73	139
24	139	26	84.24	165
25	137	19	87.82	156
26	121	25	82.88	146
27	113	15	88.28	128
28	126	20	86.30	146
29	116	17	87.22	133
30	108	23	82.44	131
31	120	20	85.71	140
32	86	16	84.31	102
33	106	15	87.60	121
34	111	17	86.72	128
35	113	23	83.09	136
36	107	18	85.60	125
37	131	25	83.97	156
38	110	15	88.00	125
39	110	24	82.09	134
40	135	22	85.99	157
41	127	27	82.47	154
42	125	16	88.65	141
43	125	22	85.03	147
44	132	18	88.00	150
45	109	10	91.60	119
46	111	12	90.24	123
47	151	19	88.82	170
48	123	25	83.11	148
49	106	31	77.37	137
50	117	25	82.39	142
51	142	25	85.03	167
52	130	17	88.44	147
53	109	13	89.34	122
54	107	27	79.85	134
55	134	23	85.35	157
56	142	14	91.03	156
57	150	18	89.29	168
58	96	20	82.76	116
59	103	12	89.57	115
60	85	19	81.73	104
61	102	15	87.18	117
62	101	21	82.79	122
63	117	15	88.64	132
64	80	21	79.21	101
65	97	11	89.81	108
66	86	19	81.90	105
67	97	24	80.17	121
68	102	19	84.30	121
69	101	10	90.99	111
70	105	16	86.78	121
71	106	18	85.48	124
72	95	15	86.36	110
73	116	14	89.23	130
74	84	17	83.17	101
75	98	15	86.73	113
76	80	11	87.91	91
77	105	17	86.07	122
78	91	20	81.98	111
79	100	24	80.65	124
80	93	21	81.58	114
81	94	23	80.34	117
82	103	16	86.55	119
83	126	22	85.14	148
84	116	30	79.45	146
85	103	14	88.03	117
86	113	26	81.29	139
87	93	17	84.55	110
88	106	18	85.48	124
89	86	14	86.00	100
90	91	17	84.26	108
91	82	22	78.85	104
92	115	9	92.74	124
93	105	16	86.78	121
94	92	15	85.98	107
95	91	15	85.85	106
96	106	16	86.89	122
97	129	25	83.77	154
98	130	21	86.09	151
99	101	20	83.47	121
100	126	24	84.00	150
101	131	20	86.75	151
102	135	26	83.85	161
103	112	15	88.19	127
104	122	25	82.99	147
105	112	14	88.89	126
106	99	15	86.84	114
107	81	17	82.65	98
108	96	16	85.71	112
109	98	15	86.73	113
110	113	17	86.92	130
111	115	20	85.19	135
112	140	16	89.74	156
113	126	26	82.89	152
114	131	20	86.75	151
115	123	13	90.44	136
116	113	21	84.33	134
117	97	24	80.17	121
118	94	26	78.33	120
119	86	16	84.31	102
120	96	21	82.05	117
121	90	17	84.11	107
122	105	21	83.33	126
123	109	13	89.34	122
124	83	27	75.45	110
125	102	24	80.95	126
126	95	15	86.36	110
127	95	18	84.07	113
128	109	26	80.74	135
129	98	20	83.05	118
130	107	24	81.68	131
131	93	11	89.42	104
132	94	15	86.24	109
133	120	21	85.11	141
134	102	28	78.46	130
135	104	25	80.62	129
136	86	21	80.37	107
137	100	20	83.33	120
138	101	21	82.79	122
139	108	18	85.71	126
140	100	21	82.64	121
141	107	20	84.25	127
142	102	28	78.46	130
143	122	23	84.14	145
144	96	24	80.00	120
145	96	24	80.00	120

CHG context
===========
position	count methylated	count unmethylated	% methylation	coverage
1	62	484	11.36	546
2	33	561	5.56	594
3	27	537	4.79	564
4	23	591	3.75	614
5	18	538	3.24	556
6	16	526	2.95	542
7	9	527	1.68	536
8	11	515	2.09	526
9	7	519	1.33	526
10	14	533	2.56	547
11	6	511	1.16	517
12	8	512	1.54	520
13	10	501	1.96	511
14	10	512	1.92	522
15	14	527	2.59	541
16	11	483	2.23	494
17	12	536	2.19	548
18	11	507	2.12	518
19	14	542	2.52	556
20	4	533	0.74	537
21	10	579	1.70	589
22	4	516	0.77	520
23	8	575	1.37	583
24	6	569	1.04	575
25	7	535	1.29	542
26	12	553	2.12	565
27	12	534	2.20	546
28	8	552	1.43	560
29	8	566	1.39	574
30	9	559	1.58	568
31	12	555	2.12	567
32	9	601	1.48	610
33	11	559	1.93	570
34	7	567	1.22	574
35	8	587	1.34	595
36	8	546	1.44	554
37	8	475	1.66	483
38	5	530	0.93	535
39	8	516	1.53	524
40	8	525	1.50	533
41	6	535	1.11	541
42	11	520	2.07	531
43	15	486	2.99	501
44	11	472	2.28	483
45	16	543	2.86	559
46	3	570	0.52	573
47	4	507	0.78	511
48	1	553	0.18	554
49	12	502	2.33	514
50	7	528	1.31	535
51	9	519	1.70	528
52	17	563	2.93	580
53	4	521	0.76	525
54	9	514	1.72	523
55	14	510	2.67	524
56	4	570	0.70	574
57	11	558	1.93	569
58	10	525	1.87	535
59	8	522	1.51	530
60	5	541	0.92	546
61	14	532	2.56	546
62	9	542	1.63	551
63	7	558	1.24	565
64	12	554	2.12	566
65	8	507	1.55	515
66	5	490	1.01	495
67	9	493	1.79	502
68	8	489	1.61	497
69	13	521	2.43	534
70	6	551	1.08	557
71	11	503	2.14	514
72	8	482	1.63	490
73	11	497	2.17	508
74	5	542	0.91	547
75	12	514	2.28	526
76	7	506	1.36	513
77	9	520	1.70	529
78	12	521	2.25	533
79	9	532	1.66	541
80	10	499	1.96	509
81	11	541	1.99	552
82	5	500	0.99	505
83	7	566	1.22	573
84	9	534	1.66	543
85	10	556	1.77	566
86	11	510	2.11	521
87	7	560	1.23	567
88	4	555	0.72	559
89	5	531	0.93	536
90	11	519	2.08	530
91	8	550	1.43	558
92	10	525	1.87	535
93	10	552	1.78	562
94	5	496	1.00	501
95	7	536	1.29	543
96	6	511	1.16	517
97	3	478	0.62	481
98	5	500	0.99	505
99	9	483	1.83	492
100	7	509	1.36	516
101	8	496	1.59	504
102	3	501	0.60	504
103	5	524	0.95	529
104	15	504	2.89	519
105	8	510	1.54	518
106	10	468	2.09	478
107	8	513	1.54	521
108	8	511	1.54	519
109	10	553	1.78	563
110	6	496	1.20	502
111	8	565	1.40	573
112	10	528	1.86	538
113	3	516	0.58	519
114	7	536	1.29	543
115	15	562	2.60	577
116	0	485	0.00	485
117	16	501	3.09	517
118	7	560	1.23	567
119	4	496	0.80	500
120	9	573	1.55	582
121	5	516	0.96	521
122	8	552	1.43	560
123	3	520	0.57	523
124	5	507	0.98	512
125	10	526	1.87	536
126	9	483	1.83	492
127	4	466	0.85	470
128	6	488	1.21	494
129	6	523	1.13	529
130	8	488	1.61	496
131	10	490	2.00	500
132	4	479	0.83	483
133	8	505	1.56	513
134	5	503	0.98	508
135	7	487	1.42	494
136	7	477	1.45	484
137	11	536	2.01	547
138	9	505	1.75	514
139	9	531	1.67	540
140	6	505	1.17	511
141	6	513	1.16	519
142	15	512	2.85	527
143	5	466	1.06	471
144	4	457	0.87	461
145	7	458	1.51	465

CHH context
===========
position	count methylated	count unmethylated	% methylation	coverage
1	242	1655	12.76	1897
2	210	1723	10.86	1933
3	175	1725	9.21	1900
4	158	1795	8.09	1953
5	143	1854	7.16	1997
6	147	1811	7.51	1958
7	129	1854	6.51	1983
8	142	1910	6.92	2052
9	157	1927	7.53	2084
10	140	1924	6.78	2064
11	124	2076	5.64	2200
12	128	2075	5.81	2203
13	141	2055	6.42	2196
14	156	2080	6.98	2236
15	132	2072	5.99	2204
16	150	2104	6.65	2254
17	141	2111	6.26	2252
18	145	2037	6.65	2182
19	137	2011	6.38	2148
20	149	2038	6.81	2187
21	141	1973	6.67	2114
22	152	2011	7.03	2163
23	138	1973	6.54	2111
24	145	1988	6.80	2133
25	130	1993	6.12	2123
26	152	1954	7.22	2106
27	134	1988	6.31	2122
28	142	1961	6.75	2103
29	153	2071	6.88	2224
30	145	1981	6.82	2126
31	135	1925	6.55	2060
32	148	2008	6.86	2156
33	127	2068	5.79	2195
34	152	1993	7.09	2145
35	134	2030	6.19	2164
36	144	2066	6.52	2210
37	153	2096	6.80	2249
38	166	2136	7.21	2302
39	144	2038	6.60	2182
40	147	2108	6.52	2255
41	142	2129	6.25	2271
42	165	2123	7.21	2288
43	140	2129	6.17	2269
44	145	2183	6.23	2328
45	137	2083	6.17	2220
46	143	2181	6.15	2324
47	138	2111	6.14	2249
48	138	2079	6.22	2217
49	145	2061	6.57	2206
50	142	2211	6.03	2353
51	140	2154	6.10	2294
52	155	2000	7.19	2155
53	144	2004	6.70	2148
54	143	2002	6.67	2145
55	130	2089	5.86	2219
56	155	2166	6.68	2321
57	141	2052	6.43	2193
58	140	2099	6.25	2239
59	124	2094	5.59	2218
60	134	2043	6.16	2177
61	137	2009	6.38	2146
62	129	2043	5.94	2172
63	133	2054	6.08	2187
64	139	1994	6.52	2133
65	128	1928	6.23	2056
66	127	2048	5.84	2175
67	132	2150	5.78	2282
68	146	2124	6.43	2270
69	140	2092	6.27	2232
70	145	2162	6.29	2307
71	121	2156	5.31	2277
72	124	2108	5.56	2232
73	134	2200	5.74	2334
74	142	2207	6.05	2349
75	121	2159	5.31	2280
76	136	2230	5.75	2366
77	122	2170	5.32	2292
78	145	2107	6.44	2252
79	128	2131	5.67	2259
80	125	2167	5.45	2292
81	133	2191	5.72	2324
82	154	2067	6.93	2221
83	144	2072	6.50	2216
84	140	2071	6.33	2211
85	132	2043	6.07	2175
86	143	2086	6.42	2229
87	118	2017	5.53	2135
88	127	2047	5.84	2174
89	123	1972	5.87	2095
90	119	2026	5.55	2145
91	131	2078	5.93	2209
92	131	2046	6.02	2177
93	118	2140	5.23	2258
94	140	2082	6.30	2222
95	122	2131	5.42	2253
96	105	2064	4.84	2169
97	143	2149	6.24	2292
98	139	2134	6.12	2273
99	141	2105	6.28	2246
100	128	2148	5.62	2276
101	144	2262	5.99	2406
102	127	2221	5.41	2348
103	161	2222	6.76	2383
104	142	2170	6.14	2312
105	136	2219	5.77	2355
106	145	2116	6.41	2261
107	136	2160	5.92	2296
108	134	2125	5.93	2259
109	144	2080	6.47	2224
110	142	2114	6.29	2256
111	134	2031	6.19	2165
112	140	2107	6.23	2247
113	133	2124	5.89	2257
114	142	2086	6.37	2228
115	125	2114	5.58	2239
116	141	2157	6.14	2298
117	134	2164	5.83	2298
118	140	2238	5.89	2378
119	145	2100	6.46	2245
120	106	2020	4.99	2126
121	140	2046	6.40	2186
122	131	2042	6.03	2173
123	121	2049	5.58	2170
124	124	2029	5.76	2153
125	133	1983	6.29	2116
126	137	2045	6.28	2182
127	136	2052	6.22	2188
128	136	2068	6.17	2204
129	122	2073	5.56	2195
130	123	2097	5.54	2220
131	134	2099	6.00	2233
132	119	2164	5.21	2283
133	135	2165	5.87	2300
134	146	2145	6.37	2291
135	123	2145	5.42	2268
136	130	2097	5.84	2227
137	127	2035	5.87	2162
138	133	2087	5.99	2220
139	122	2077	5.55	2199
140	121	2062	5.54	2183
141	131	2059	5.98	2190
142	131	2056	5.99	2187
143	127	2007	5.95	2134
144	125	1935	6.07	2060
145	110	1744	5.93	1854

