CpG context
===========
position	count methylated	count unmethylated	% methylation	coverage
1	66	44	60.00	110
2	70	33	67.96	103
3	64	21	75.29	85
4	69	16	81.18	85
5	68	18	79.07	86
6	69	12	85.19	81
7	66	18	78.57	84
8	80	15	84.21	95
9	90	19	82.57	109
10	109	16	87.20	125
11	81	18	81.82	99
12	83	20	80.58	103
13	79	16	83.16	95
14	93	16	85.32	109
15	97	11	89.81	108
16	84	15	84.85	99
17	76	10	88.37	86
18	89	12	88.12	101
19	97	21	82.20	118
20	83	13	86.46	96
21	84	19	81.55	103
22	79	18	81.44	97
23	92	23	80.00	115
24	77	12	86.52	89
25	85	14	85.86	99
26	104	23	81.89	127
27	100	14	87.72	114
28	60	19	75.95	79
29	86	17	83.50	103
30	88	16	84.62	104
31	81	21	79.41	102
32	79	18	81.44	97
33	82	16	83.67	98
34	71	21	77.17	92
35	73	19	79.35	92
36	83	8	91.21	91
37	86	13	86.87	99
38	83	19	81.37	102
39	110	13	89.43	123
40	90	9	90.91	99
41	92	11	89.32	103
42	107	22	82.95	129
43	107	19	84.92	126
44	108	16	87.10	124
45	106	15	87.60	121
46	65	20	76.47	85
47	88	11	88.89	99
48	81	18	81.82	99
49	90	18	83.33	108
50	76	17	81.72	93
51	83	14	85.57	97
52	89	20	81.65	109
53	85	15	85.00	100
54	84	15	84.85	99
55	89	17	83.96	106
56	78	17	82.11	95
57	109	28	79.56	137
58	83	14	85.57	97
59	75	13	85.23	88
60	64	20	76.19	84
61	64	25	71.91	89
62	74	19	79.57	93
63	77	10	88.51	87
64	76	17	81.72	93
65	59	18	76.62	77
66	77	10	88.51	87
67	81	6	93.10	87
68	76	25	75.25	101
69	79	12	86.81	91
70	69	20	77.53	89
71	80	10	88.89	90
72	81	12	87.10	93
73	79	21	79.00	100
74	81	20	80.20	101
75	63	22	74.12	85
76	66	12	84.62	78
77	63	8	88.73	71
78	78	19	80.41	97
79	68	19	78.16	87
80	64	16	80.00	80
81	73	10	87.95	83
82	85	8	91.40	93
83	81	16	83.51	97
84	72	16	81.82	88
85	87	16	84.47	103
86	103	15	87.29	118
87	82	14	85.42	96
88	58	10	85.29	68
89	69	13	84.15	82
90	81	9	90.00	90
91	85	12	87.63	97
92	98	13	88.29	111
93	68	17	80.00	85
94	74	10	88.10	84
95	69	10	87.34	79
96	78	20	79.59	98
97	76	21	78.35	97
98	94	10	90.38	104
99	98	16	85.96	114
100	98	13	88.29	111
101	124	14	89.86	138
102	105	23	82.03	128
103	105	17	86.07	122
104	76	16	82.61	92
105	62	13	82.67	75
106	62	13	82.67	75
107	65	19	77.38	84
108	76	16	82.61	92
109	82	12	87.23	94
110	79	14	84.95	93
111	67	9	88.16	76
112	90	24	78.95	114
113	107	12	89.92	119
114	95	13	87.96	108
115	85	17	83.33	102
116	55	13	80.88	68
117	82	15	84.54	97
118	61	10	85.92	71
119	80	6	93.02	86
120	75	18	80.65	93
121	67	14	82.72	81
122	66	9	88.00	75
123	71	10	87.65	81
124	56	18	75.68	74
125	74	17	81.32	91
126	65	9	87.84	74
127	79	14	84.95	93
128	81	10	89.01	91
129	87	14	86.14	101
130	74	17	81.32	91
131	86	17	83.50	103
132	71	16	81.61	87
133	76	16	82.61	92
134	76	14	84.44	90
135	66	18	78.57	84
136	65	19	77.38	84
137	70	11	86.42	81
138	65	26	71.43	91
139	55	19	74.32	74
140	85	8	91.40	93
141	67	16	80.72	83
142	87	14	86.14	101
143	76	23	76.77	99
144	88	21	80.73	109
145	72	18	80.00	90

CHG context
===========
position	count methylated	count unmethylated	% methylation	coverage
1	45	396	10.20	441
2	22	394	5.29	416
3	26	452	5.44	478
4	9	435	2.03	444
5	6	450	1.32	456
6	4	424	0.93	428
7	6	399	1.48	405
8	6	461	1.28	467
9	3	426	0.70	429
10	6	381	1.55	387
11	5	349	1.41	354
12	2	430	0.46	432
13	5	404	1.22	409
14	6	411	1.44	417
15	3	370	0.80	373
16	1	419	0.24	420
17	8	386	2.03	394
18	5	432	1.14	437
19	2	418	0.48	420
20	4	412	0.96	416
21	4	424	0.93	428
22	7	418	1.65	425
23	9	390	2.26	399
24	7	408	1.69	415
25	5	391	1.26	396
26	3	448	0.67	451
27	5	392	1.26	397
28	4	436	0.91	440
29	4	453	0.88	457
30	10	394	2.48	404
31	3	439	0.68	442
32	0	429	0.00	429
33	3	453	0.66	456
34	3	423	0.70	426
35	5	419	1.18	424
36	6	437	1.35	443
37	5	398	1.24	403
38	6	376	1.57	382
39	11	400	2.68	411
40	4	372	1.06	376
41	8	374	2.09	382
42	4	426	0.93	430
43	9	388	2.27	397
44	5	400	1.23	405
45	7	394	1.75	401
46	8	421	1.86	429
47	3	445	0.67	448
48	6	411	1.44	417
49	3	407	0.73	410
50	8	389	2.02	397
51	6	410	1.44	416
52	3	411	0.72	414
53	4	408	0.97	412
54	6	438	1.35	444
55	6	421	1.41	427
56	6	420	1.41	426
57	9	401	2.20	410
58	8	383	2.05	391
59	4	423	0.94	427
60	3	442	0.67	445
61	7	450	1.53	457
62	2	395	0.50	397
63	7	461	1.50	468
64	6	409	1.45	415
65	3	368	0.81	371
66	4	392	1.01	396
67	8	400	1.96	408
68	2	380	0.52	382
69	5	372	1.33	377
70	4	416	0.95	420
71	5	415	1.19	420
72	6	403	1.47	409
73	5	431	1.15	436
74	8	378	2.07	386
75	5	422	1.17	427
76	4	413	0.96	417
77	6	414	1.43	420
78	4	421	0.94	425
79	7	404	1.70	411
80	7	397	1.73	404
81	10	410	2.38	420
82	6	436	1.36	442
83	8	480	1.64	488
84	5	426	1.16	431
85	4	431	0.92	435
86	5	415	1.19	420
87	2	389	0.51	391
88	13	419	3.01	432
89	2	424	0.47	426
90	7	412	1.67	419
91	10	454	2.16	464
92	7	443	1.56	450
93	8	438	1.79	446
94	1	406	0.25	407
95	3	383	0.78	386
96	11	407	2.63	418
97	3	357	0.83	360
98	4	365	1.08	369
99	1	350	0.28	351
100	4	402	0.99	406
101	5	373	1.32	378
102	9	371	2.37	380
103	4	424	0.93	428
104	9	408	2.16	417
105	7	398	1.73	405
106	4	401	0.99	405
107	4	403	0.98	407
108	8	413	1.90	421
109	6	437	1.35	443
110	7	395	1.74	402
111	7	396	1.74	403
112	6	415	1.43	421
113	1	438	0.23	439
114	4	400	0.99	404
115	7	401	1.72	408
116	4	381	1.04	385
117	4	406	0.98	410
118	2	409	0.49	411
119	2	403	0.49	405
120	4	390	1.02	394
121	3	417	0.71	420
122	4	391	1.01	395
123	5	395	1.25	400
124	8	393	2.00	401
125	4	356	1.11	360
126	6	410	1.44	416
127	3	345	0.86	348
128	9	354	2.48	363
129	3	395	0.75	398
130	3	374	0.80	377
131	4	367	1.08	371
132	6	419	1.41	425
133	3	368	0.81	371
134	3	419	0.71	422
135	1	391	0.26	392
136	8	373	2.10	381
137	2	416	0.48	418
138	5	373	1.32	378
139	8	424	1.85	432
140	4	431	0.92	435
141	7	405	1.70	412
142	4	402	0.99	406
143	4	354	1.12	358
144	6	388	1.52	394
145	10	343	2.83	353

CHH context
===========
position	count methylated	count unmethylated	% methylation	coverage
1	192	1250	13.31	1442
2	155	1265	10.92	1420
3	130	1375	8.64	1505
4	92	1406	6.14	1498
5	92	1448	5.97	1540
6	95	1424	6.25	1519
7	91	1432	5.98	1523
8	85	1375	5.82	1460
9	85	1462	5.49	1547
10	105	1499	6.55	1604
11	90	1470	5.77	1560
12	93	1538	5.70	1631
13	87	1527	5.39	1614
14	104	1551	6.28	1655
15	85	1604	5.03	1689
16	96	1522	5.93	1618
17	96	1573	5.75	1669
18	104	1516	6.42	1620
19	85	1560	5.17	1645
20	99	1457	6.36	1556
21	87	1486	5.53	1573
22	114	1504	7.05	1618
23	99	1531	6.07	1630
24	93	1481	5.91	1574
25	97	1539	5.93	1636
26	114	1523	6.96	1637
27	109	1598	6.39	1707
28	91	1525	5.63	1616
29	94	1473	6.00	1567
30	90	1508	5.63	1598
31	95	1461	6.11	1556
32	101	1448	6.52	1549
33	103	1506	6.40	1609
34	106	1535	6.46	1641
35	96	1486	6.07	1582
36	84	1488	5.34	1572
37	100	1555	6.04	1655
38	109	1477	6.87	1586
39	98	1509	6.10	1607
40	93	1608	5.47	1701
41	98	1597	5.78	1695
42	100	1675	5.63	1775
43	104	1564	6.24	1668
44	107	1539	6.50	1646
45	118	1600	6.87	1718
46	109	1539	6.61	1648
47	98	1604	5.76	1702
48	96	1578	5.73	1674
49	89	1605	5.25	1694
50	110	1618	6.37	1728
51	100	1624	5.80	1724
52	90	1569	5.42	1659
53	100	1553	6.05	1653
54	102	1594	6.01	1696
55	87	1528	5.39	1615
56	103	1552	6.22	1655
57	104	1568	6.22	1672
58	105	1596	6.17	1701
59	101	1520	6.23	1621
60	83	1529	5.15	1612
61	97	1487	6.12	1584
62	88	1549	5.38	1637
63	105	1504	6.53	1609
64	101	1486	6.36	1587
65	96	1528	5.91	1624
66	107	1569	6.38	1676
67	91	1579	5.45	1670
68	100	1593	5.91	1693
69	84	1623	4.92	1707
70	102	1572	6.09	1674
71	80	1623	4.70	1703
72	101	1568	6.05	1669
73	103	1710	5.68	1813
74	99	1601	5.82	1700
75	89	1693	4.99	1782
76	90	1550	5.49	1640
77	88	1571	5.30	1659
78	90	1557	5.46	1647
79	80	1580	4.82	1660
80	94	1596	5.56	1690
81	88	1541	5.40	1629
82	100	1557	6.04	1657
83	96	1644	5.52	1740
84	94	1559	5.69	1653
85	90	1528	5.56	1618
86	90	1570	5.42	1660
87	88	1614	5.17	1702
88	102	1604	5.98	1706
89	83	1622	4.87	1705
90	90	1570	5.42	1660
91	97	1526	5.98	1623
92	90	1556	5.47	1646
93	95	1565	5.72	1660
94	107	1562	6.41	1669
95	92	1623	5.36	1715
96	79	1588	4.74	1667
97	85	1639	4.93	1724
98	103	1696	5.73	1799
99	109	1644	6.22	1753
100	96	1691	5.37	1787
101	83	1622	4.87	1705
102	89	1593	5.29	1682
103	108	1671	6.07	1779
104	99	1646	5.67	1745
105	87	1608	5.13	1695
106	99	1605	5.81	1704
107	91	1601	5.38	1692
108	102	1611	5.95	1713
109	97	1612	5.68	1709
110	99	1648	5.67	1747
111	89	1621	5.20	1710
112	86	1606	5.08	1692
113	87	1581	5.22	1668
114	91	1460	5.87	1551
115	97	1658	5.53	1755
116	99	1623	5.75	1722
117	89	1675	5.05	1764
118	99	1632	5.72	1731
119	88	1526	5.45	1614
120	94	1582	5.61	1676
121	91	1525	5.63	1616
122	85	1604	5.03	1689
123	95	1511	5.92	1606
124	89	1518	5.54	1607
125	88	1523	5.46	1611
126	87	1554	5.30	1641
127	98	1568	5.88	1666
128	88	1559	5.34	1647
129	88	1597	5.22	1685
130	83	1520	5.18	1603
131	92	1660	5.25	1752
132	83	1548	5.09	1631
133	101	1655	5.75	1756
134	82	1599	4.88	1681
135	109	1597	6.39	1706
136	77	1575	4.66	1652
137	82	1512	5.14	1594
138	84	1445	5.49	1529
139	88	1485	5.59	1573
140	76	1576	4.60	1652
141	76	1554	4.66	1630
142	92	1510	5.74	1602
143	90	1624	5.25	1714
144	75	1488	4.80	1563
145	70	1439	4.64	1509

