CpG context
===========
position	count methylated	count unmethylated	% methylation	coverage
1	9011	2613	77.52	11624
2	9482	2573	78.66	12055
3	9619	2578	78.86	12197
4	9862	2629	78.95	12491
5	10085	2614	79.42	12699
6	10142	2481	80.35	12623
7	10839	2637	80.43	13476
8	10636	2577	80.50	13213
9	10195	2526	80.14	12721
10	10555	2540	80.60	13095
11	10468	2537	80.49	13005
12	10310	2498	80.50	12808
13	10522	2576	80.33	13098
14	11007	2575	81.04	13582
15	11168	2619	81.00	13787
16	10988	2644	80.60	13632
17	10578	2531	80.69	13109
18	10832	2614	80.56	13446
19	10747	2593	80.56	13340
20	10528	2606	80.16	13134
21	10471	2591	80.16	13062
22	10383	2604	79.95	12987
23	10598	2431	81.34	13029
24	10717	2562	80.71	13279
25	10853	2626	80.52	13479
26	10605	2547	80.63	13152
27	10905	2665	80.36	13570
28	10384	2514	80.51	12898
29	10663	2554	80.68	13217
30	10555	2673	79.79	13228
31	10436	2449	80.99	12885
32	10327	2550	80.20	12877
33	10046	2531	79.88	12577
34	9758	2543	79.33	12301
35	9747	2549	79.27	12296
36	9438	2481	79.18	11919
37	10052	2516	79.98	12568
38	9542	2528	79.06	12070
39	9925	2441	80.26	12366
40	9875	2444	80.16	12319
41	9806	2492	79.74	12298
42	9718	2412	80.12	12130
43	9744	2505	79.55	12249
44	9542	2544	78.95	12086
45	9318	2429	79.32	11747
46	9626	2460	79.65	12086
47	9674	2421	79.98	12095
48	9592	2449	79.66	12041
49	9246	2388	79.47	11634
50	9348	2490	78.97	11838
51	9152	2430	79.02	11582
52	9677	2497	79.49	12174
53	9648	2446	79.78	12094
54	9424	2505	79.00	11929
55	9827	2453	80.02	12280
56	9313	2457	79.12	11770
57	9613	2499	79.37	12112
58	9482	2442	79.52	11924
59	9428	2463	79.29	11891
60	9424	2446	79.39	11870
61	9402	2432	79.45	11834
62	9639	2410	80.00	12049
63	9971	2546	79.66	12517
64	9426	2492	79.09	11918
65	9435	2457	79.34	11892
66	9377	2376	79.78	11753
67	9266	2349	79.78	11615
68	9102	2529	78.26	11631
69	9449	2513	78.99	11962
70	9622	2371	80.23	11993
71	9666	2385	80.21	12051
72	9706	2467	79.73	12173
73	9677	2375	80.29	12052
74	9471	2385	79.88	11856
75	9350	2414	79.48	11764
76	9239	2372	79.57	11611
77	9188	2342	79.69	11530
78	9299	2401	79.48	11700
79	9173	2314	79.86	11487
80	9162	2357	79.54	11519
81	9160	2404	79.21	11564
82	9229	2391	79.42	11620
83	8831	2340	79.05	11171
84	8874	2298	79.43	11172
85	8886	2285	79.55	11171
86	9123	2290	79.94	11413
87	8881	2363	78.98	11244
88	8820	2313	79.22	11133
89	8936	2263	79.79	11199
90	8939	2240	79.96	11179
91	8833	2351	78.98	11184
92	8988	2268	79.85	11256
93	8913	2285	79.59	11198
94	9061	2217	80.34	11278
95	8729	2121	80.45	10850
96	8871	2328	79.21	11199
97	8713	2225	79.66	10938
98	8651	2142	80.15	10793
99	8484	2242	79.10	10726
100	8797	2133	80.48	10930
101	8750	2170	80.13	10920
102	8813	2292	79.36	11105
103	8656	2227	79.54	10883
104	8631	2181	79.83	10812
105	8670	2211	79.68	10881
106	8754	2131	80.42	10885
107	8559	2062	80.59	10621
108	8570	2239	79.29	10809
109	8201	2083	79.75	10284
110	8283	2088	79.87	10371
111	8503	2053	80.55	10556
112	8441	2079	80.24	10520
113	8163	2104	79.51	10267
114	8270	2185	79.10	10455
115	8283	2162	79.30	10445
116	8063	2073	79.55	10136
117	8143	2062	79.79	10205
118	8302	2055	80.16	10357
119	7897	1879	80.78	9776
120	7883	2039	79.45	9922
121	7653	1973	79.50	9626
122	7750	1921	80.14	9671
123	7604	2020	79.01	9624
124	7257	1998	78.41	9255
125	7383	1888	79.64	9271
126	7058	1817	79.53	8875
127	6791	1885	78.27	8676
128	6452	1612	80.01	8064
129	3554	0	100.00	3554

CHG context
===========
position	count methylated	count unmethylated	% methylation	coverage
1	437	58773	0.74	59210
2	469	58155	0.80	58624
3	427	57190	0.74	57617
4	461	57241	0.80	57702
5	415	56437	0.73	56852
6	445	55804	0.79	56249
7	475	56375	0.84	56850
8	480	56617	0.84	57097
9	476	56736	0.83	57212
10	425	55480	0.76	55905
11	497	55787	0.88	56284
12	457	55071	0.82	55528
13	426	55480	0.76	55906
14	452	55236	0.81	55688
15	468	54740	0.85	55208
16	498	55202	0.89	55700
17	459	54388	0.84	54847
18	467	54197	0.85	54664
19	389	54738	0.71	55127
20	429	54328	0.78	54757
21	403	53767	0.74	54170
22	476	54207	0.87	54683
23	416	54861	0.75	55277
24	404	55098	0.73	55502
25	448	54208	0.82	54656
26	405	54283	0.74	54688
27	459	54171	0.84	54630
28	446	54479	0.81	54925
29	465	54973	0.84	55438
30	420	55078	0.76	55498
31	410	55041	0.74	55451
32	444	55614	0.79	56058
33	407	55469	0.73	55876
34	442	54929	0.80	55371
35	401	54485	0.73	54886
36	464	54757	0.84	55221
37	409	54672	0.74	55081
38	356	55136	0.64	55492
39	424	55350	0.76	55774
40	429	55485	0.77	55914
41	435	55134	0.78	55569
42	456	55041	0.82	55497
43	453	54270	0.83	54723
44	420	54502	0.76	54922
45	454	54290	0.83	54744
46	399	52991	0.75	53390
47	417	53383	0.78	53800
48	418	53380	0.78	53798
49	408	53381	0.76	53789
50	461	53567	0.85	54028
51	416	53325	0.77	53741
52	443	53682	0.82	54125
53	368	53671	0.68	54039
54	435	53800	0.80	54235
55	415	52932	0.78	53347
56	449	53026	0.84	53475
57	399	53260	0.74	53659
58	401	52837	0.75	53238
59	459	52974	0.86	53433
60	428	52940	0.80	53368
61	463	53236	0.86	53699
62	493	53800	0.91	54293
63	425	54626	0.77	55051
64	410	53371	0.76	53781
65	435	51791	0.83	52226
66	429	51991	0.82	52420
67	420	52095	0.80	52515
68	468	51937	0.89	52405
69	450	52832	0.84	53282
70	411	52163	0.78	52574
71	470	52092	0.89	52562
72	447	52422	0.85	52869
73	430	51437	0.83	51867
74	459	52516	0.87	52975
75	467	51570	0.90	52037
76	440	52096	0.84	52536
77	437	52451	0.83	52888
78	430	51724	0.82	52154
79	451	51940	0.86	52391
80	425	52084	0.81	52509
81	462	52125	0.88	52587
82	435	51604	0.84	52039
83	437	51936	0.83	52373
84	335	51382	0.65	51717
85	432	51453	0.83	51885
86	391	51050	0.76	51441
87	431	50329	0.85	50760
88	396	50662	0.78	51058
89	409	50154	0.81	50563
90	438	49859	0.87	50297
91	406	48916	0.82	49322
92	431	49505	0.86	49936
93	424	49171	0.85	49595
94	426	48638	0.87	49064
95	407	48445	0.83	48852
96	459	48119	0.94	48578
97	415	48256	0.85	48671
98	360	47776	0.75	48136
99	388	47104	0.82	47492
100	419	47172	0.88	47591
101	398	46939	0.84	47337
102	415	46802	0.88	47217
103	424	47378	0.89	47802
104	425	47430	0.89	47855
105	430	47129	0.90	47559
106	395	46629	0.84	47024
107	419	46366	0.90	46785
108	401	46690	0.85	47091
109	416	46454	0.89	46870
110	429	46397	0.92	46826
111	454	45962	0.98	46416
112	390	45996	0.84	46386
113	417	45768	0.90	46185
114	428	44595	0.95	45023
115	344	44908	0.76	45252
116	363	44239	0.81	44602
117	397	44392	0.89	44789
118	410	43903	0.93	44313
119	395	44728	0.88	45123
120	387	43937	0.87	44324
121	353	43391	0.81	43744
122	366	42978	0.84	43344
123	378	42558	0.88	42936
124	370	41578	0.88	41948
125	404	40695	0.98	41099
126	324	39495	0.81	39819
127	328	38327	0.85	38655
128	277	35346	0.78	35623
129	105	0	100.00	105

CHH context
===========
position	count methylated	count unmethylated	% methylation	coverage
1	1481	200776	0.73	202257
2	1463	199178	0.73	200641
3	1548	199024	0.77	200572
4	1374	198911	0.69	200285
5	1529	194803	0.78	196332
6	1401	192868	0.72	194269
7	1502	190801	0.78	192303
8	1445	190560	0.75	192005
9	1496	190742	0.78	192238
10	1447	189255	0.76	190702
11	1494	188808	0.79	190302
12	1490	188438	0.78	189928
13	1485	189562	0.78	191047
14	1500	187290	0.79	188790
15	1495	187311	0.79	188806
16	1397	185877	0.75	187274
17	1526	184650	0.82	186176
18	1416	184856	0.76	186272
19	1425	184020	0.77	185445
20	1400	185355	0.75	186755
21	1451	185856	0.77	187307
22	1451	183762	0.78	185213
23	1400	183639	0.76	185039
24	1275	181595	0.70	182870
25	1423	182906	0.77	184329
26	1408	183130	0.76	184538
27	1422	182315	0.77	183737
28	1335	182562	0.73	183897
29	1363	183761	0.74	185124
30	1402	182906	0.76	184308
31	1366	183410	0.74	184776
32	1346	182488	0.73	183834
33	1393	183137	0.75	184530
34	1556	182935	0.84	184491
35	1426	183961	0.77	185387
36	1400	183888	0.76	185288
37	1361	184794	0.73	186155
38	1392	183706	0.75	185098
39	1543	185095	0.83	186638
40	1377	185256	0.74	186633
41	1432	185716	0.77	187148
42	1391	186513	0.74	187904
43	1471	186078	0.78	187549
44	1517	188618	0.80	190135
45	1457	189158	0.76	190615
46	1474	186076	0.79	187550
47	1454	185083	0.78	186537
48	1369	185654	0.73	187023
49	1468	185744	0.78	187212
50	1483	184712	0.80	186195
51	1402	184145	0.76	185547
52	1394	184507	0.75	185901
53	1320	185839	0.71	187159
54	1400	186271	0.75	187671
55	1365	186218	0.73	187583
56	1478	184880	0.79	186358
57	1488	184047	0.80	185535
58	1417	182894	0.77	184311
59	1430	182996	0.78	184426
60	1508	183349	0.82	184857
61	1398	181626	0.76	183024
62	1513	180811	0.83	182324
63	1496	182944	0.81	184440
64	1472	183578	0.80	185050
65	1535	182985	0.83	184520
66	1355	183024	0.73	184379
67	1468	180610	0.81	182078
68	1397	182561	0.76	183958
69	1428	181460	0.78	182888
70	1348	180921	0.74	182269
71	1503	180129	0.83	181632
72	1463	181237	0.80	182700
73	1480	181337	0.81	182817
74	1469	180186	0.81	181655
75	1370	181231	0.75	182601
76	1511	181408	0.83	182919
77	1295	180937	0.71	182232
78	1427	180107	0.79	181534
79	1476	179287	0.82	180763
80	1385	178800	0.77	180185
81	1410	179160	0.78	180570
82	1471	179291	0.81	180762
83	1388	178356	0.77	179744
84	1499	177885	0.84	179384
85	1398	178847	0.78	180245
86	1391	178812	0.77	180203
87	1469	177818	0.82	179287
88	1343	176045	0.76	177388
89	1376	176242	0.77	177618
90	1448	175637	0.82	177085
91	1465	175893	0.83	177358
92	1418	174929	0.80	176347
93	1374	174213	0.78	175587
94	1379	173514	0.79	174893
95	1433	173715	0.82	175148
96	1393	172911	0.80	174304
97	1448	172924	0.83	174372
98	1368	173057	0.78	174425
99	1354	172522	0.78	173876
100	1453	171879	0.84	173332
101	1334	170499	0.78	171833
102	1414	169024	0.83	170438
103	1342	167906	0.79	169248
104	1418	168174	0.84	169592
105	1400	167962	0.83	169362
106	1245	168151	0.73	169396
107	1375	167063	0.82	168438
108	1366	166567	0.81	167933
109	1396	164238	0.84	165634
110	1425	163395	0.86	164820
111	1397	163421	0.85	164818
112	1376	163571	0.83	164947
113	1372	162020	0.84	163392
114	1360	160399	0.84	161759
115	1319	159665	0.82	160984
116	1371	158792	0.86	160163
117	1286	157905	0.81	159191
118	1398	156915	0.88	158313
119	1435	155646	0.91	157081
120	1291	154792	0.83	156083
121	1313	152760	0.85	154073
122	1266	152196	0.82	153462
123	1276	149596	0.85	150872
124	1259	147583	0.85	148842
125	1244	145115	0.85	146359
126	1096	140976	0.77	142072
127	899	135570	0.66	136469
128	731	123389	0.59	124120
129	240	0	100.00	240

