CpG context
===========
position	count methylated	count unmethylated	% methylation	coverage
1	624	179	77.71	803
2	249	74	77.09	323
3	330	84	79.71	414
4	154	31	83.24	185
5	281	75	78.93	356
6	208	56	78.79	264
7	224	70	76.19	294
8	216	53	80.30	269
9	259	54	82.75	313
10	432	101	81.05	533
11	532	110	82.87	642
12	443	75	85.52	518
13	475	82	85.28	557
14	235	36	86.72	271
15	348	76	82.08	424
16	289	53	84.50	342
17	312	91	77.42	403
18	246	49	83.39	295
19	241	65	78.76	306
20	252	42	85.71	294
21	269	48	84.86	317
22	290	62	82.39	352
23	266	42	86.36	308
24	362	72	83.41	434
25	298	50	85.63	348
26	275	49	84.88	324
27	434	107	80.22	541
28	470	109	81.17	579
29	514	103	83.31	617
30	299	61	83.06	360
31	493	85	85.29	578
32	300	60	83.33	360
33	451	78	85.26	529
34	238	40	85.61	278
35	282	58	82.94	340
36	231	46	83.39	277
37	336	63	84.21	399
38	278	63	81.52	341
39	365	81	81.84	446
40	550	85	86.61	635
41	573	86	86.95	659
42	547	96	85.07	643
43	495	67	88.08	562
44	270	65	80.60	335
45	461	94	83.06	555
46	271	56	82.87	327
47	458	66	87.40	524
48	191	44	81.28	235
49	385	87	81.57	472
50	325	57	85.08	382
51	404	80	83.47	484
52	466	72	86.62	538
53	320	63	83.55	383
54	317	67	82.55	384
55	330	68	82.91	398
56	424	88	82.81	512
57	431	86	83.37	517
58	494	70	87.59	564
59	602	105	85.15	707
60	405	58	87.47	463
61	511	80	86.46	591
62	197	37	84.19	234
63	296	54	84.57	350
64	189	31	85.91	220
65	246	38	86.62	284
66	247	41	85.76	288
67	314	55	85.09	369
68	500	100	83.33	600
69	449	89	83.46	538
70	474	107	81.58	581
71	483	71	87.18	554
72	333	63	84.09	396
73	450	82	84.59	532
74	243	54	81.82	297
75	323	67	82.82	390
76	234	45	83.87	279
77	316	75	80.82	391
78	298	53	84.90	351
79	293	53	84.68	346
80	221	54	80.36	275
81	265	46	85.21	311
82	420	75	84.85	495
83	327	55	85.60	382
84	389	85	82.07	474
85	455	93	83.03	548
86	453	90	83.43	543
87	616	114	84.38	730
88	444	85	83.93	529
89	588	119	83.17	707
90	300	66	81.97	366
91	397	66	85.75	463
92	216	51	80.90	267
93	239	53	81.85	292
94	184	43	81.06	227
95	245	61	80.07	306
96	254	41	86.10	295
97	338	71	82.64	409
98	427	72	85.57	499
99	433	83	83.91	516
100	419	63	86.93	482
101	352	83	80.92	435
102	262	59	81.62	321
103	277	66	80.76	343
104	181	71	71.83	252
105	301	78	79.42	379
106	203	55	78.68	258
107	232	58	80.00	290
108	202	71	73.99	273
109	332	77	81.17	409
110	352	72	83.02	424
111	258	62	80.62	320
112	360	66	84.51	426
113	355	75	82.56	430
114	421	73	85.22	494
115	366	72	83.56	438
116	376	72	83.93	448
117	326	73	81.70	399
118	215	57	79.04	272
119	291	56	83.86	347
120	225	41	84.59	266
121	221	54	80.36	275
122	151	42	78.24	193
123	172	45	79.26	217
124	180	55	76.60	235
125	221	50	81.55	271
126	301	62	82.92	363
127	318	92	77.56	410
128	355	113	75.85	468
129	224	0	100.00	224

CHG context
===========
position	count methylated	count unmethylated	% methylation	coverage
1	15	1107	1.34	1122
2	12	1185	1.00	1197
3	16	1258	1.26	1274
4	5	1154	0.43	1159
5	15	1050	1.41	1065
6	21	930	2.21	951
7	11	939	1.16	950
8	18	1186	1.50	1204
9	17	905	1.84	922
10	4	983	0.41	987
11	12	999	1.19	1011
12	18	1035	1.71	1053
13	12	965	1.23	977
14	13	1079	1.19	1092
15	14	929	1.48	943
16	6	846	0.70	852
17	7	1016	0.68	1023
18	14	1003	1.38	1017
19	21	1088	1.89	1109
20	13	1253	1.03	1266
21	11	1459	0.75	1470
22	28	1541	1.78	1569
23	23	1262	1.79	1285
24	21	1174	1.76	1195
25	10	776	1.27	786
26	10	792	1.25	802
27	17	823	2.02	840
28	8	858	0.92	866
29	21	911	2.25	932
30	15	1085	1.36	1100
31	9	1098	0.81	1107
32	20	1230	1.60	1250
33	29	1200	2.36	1229
34	14	894	1.54	908
35	16	956	1.65	972
36	13	906	1.41	919
37	14	884	1.56	898
38	13	832	1.54	845
39	11	771	1.41	782
40	5	950	0.52	955
41	12	859	1.38	871
42	18	1025	1.73	1043
43	10	938	1.05	948
44	10	806	1.23	816
45	11	886	1.23	897
46	17	979	1.71	996
47	15	888	1.66	903
48	18	1019	1.74	1037
49	24	1140	2.06	1164
50	25	1473	1.67	1498
51	13	1399	0.92	1412
52	25	1349	1.82	1374
53	15	846	1.74	861
54	8	978	0.81	986
55	7	800	0.87	807
56	8	917	0.86	925
57	12	839	1.41	851
58	10	927	1.07	937
59	11	961	1.13	972
60	15	1193	1.24	1208
61	12	1184	1.00	1196
62	16	1280	1.23	1296
63	15	995	1.49	1010
64	19	941	1.98	960
65	10	834	1.18	844
66	4	903	0.44	907
67	10	860	1.15	870
68	11	891	1.22	902
69	9	807	1.10	816
70	11	868	1.25	879
71	11	849	1.28	860
72	12	786	1.50	798
73	15	798	1.85	813
74	11	808	1.34	819
75	7	792	0.88	799
76	11	943	1.15	954
77	6	905	0.66	911
78	22	1079	2.00	1101
79	17	1142	1.47	1159
80	10	1221	0.81	1231
81	30	1161	2.52	1191
82	20	1024	1.92	1044
83	8	776	1.02	784
84	5	803	0.62	808
85	5	745	0.67	750
86	16	835	1.88	851
87	8	799	0.99	807
88	10	870	1.14	880
89	16	819	1.92	835
90	16	860	1.83	876
91	20	1007	1.95	1027
92	6	980	0.61	986
93	9	893	1.00	902
94	12	771	1.53	783
95	15	843	1.75	858
96	15	841	1.75	856
97	10	880	1.12	890
98	8	960	0.83	968
99	18	956	1.85	974
100	16	1091	1.45	1107
101	20	973	2.01	993
102	8	761	1.04	769
103	9	742	1.20	751
104	15	784	1.88	799
105	11	814	1.33	825
106	8	859	0.92	867
107	9	991	0.90	1000
108	17	1192	1.41	1209
109	16	1236	1.28	1252
110	15	1226	1.21	1241
111	12	1027	1.15	1039
112	16	986	1.60	1002
113	13	840	1.52	853
114	6	874	0.68	880
115	11	793	1.37	804
116	17	803	2.07	820
117	7	827	0.84	834
118	9	834	1.07	843
119	8	965	0.82	973
120	7	900	0.77	907
121	5	966	0.51	971
122	13	881	1.45	894
123	22	832	2.58	854
124	6	872	0.68	878
125	15	810	1.82	825
126	16	970	1.62	986
127	9	838	1.06	847
128	7	824	0.84	831
129	5	0	100.00	5

CHH context
===========
position	count methylated	count unmethylated	% methylation	coverage
1	48	4284	1.11	4332
2	40	3777	1.05	3817
3	59	3773	1.54	3832
4	46	3481	1.30	3527
5	50	3374	1.46	3424
6	42	3563	1.17	3605
7	73	3874	1.85	3947
8	77	4364	1.73	4441
9	52	4264	1.20	4316
10	78	4391	1.75	4469
11	69	3936	1.72	4005
12	81	4364	1.82	4445
13	61	4052	1.48	4113
14	49	4137	1.17	4186
15	68	3872	1.73	3940
16	58	3754	1.52	3812
17	53	3604	1.45	3657
18	59	3429	1.69	3488
19	77	3489	2.16	3566
20	39	3232	1.19	3271
21	68	3761	1.78	3829
22	91	3585	2.48	3676
23	71	3716	1.87	3787
24	132	3950	3.23	4082
25	86	4288	1.97	4374
26	65	4454	1.44	4519
27	69	4264	1.59	4333
28	73	4280	1.68	4353
29	75	4227	1.74	4302
30	76	4372	1.71	4448
31	53	4344	1.21	4397
32	59	3829	1.52	3888
33	57	3841	1.46	3898
34	67	3944	1.67	4011
35	41	3898	1.04	3939
36	53	3885	1.35	3938
37	50	4296	1.15	4346
38	70	4589	1.50	4659
39	71	4272	1.63	4343
40	60	4470	1.32	4530
41	42	4060	1.02	4102
42	63	4366	1.42	4429
43	78	4060	1.88	4138
44	57	3873	1.45	3930
45	62	3770	1.62	3832
46	32	3131	1.01	3163
47	52	3268	1.57	3320
48	41	3145	1.29	3186
49	48	3727	1.27	3775
50	47	3477	1.33	3524
51	60	3692	1.60	3752
52	46	3794	1.20	3840
53	58	3722	1.53	3780
54	64	4025	1.57	4089
55	79	4026	1.92	4105
56	49	4267	1.14	4316
57	59	4018	1.45	4077
58	83	4156	1.96	4239
59	52	3980	1.29	4032
60	60	3932	1.50	3992
61	52	3857	1.33	3909
62	56	3510	1.57	3566
63	58	3562	1.60	3620
64	46	3643	1.25	3689
65	56	3764	1.47	3820
66	41	4128	0.98	4169
67	61	4139	1.45	4200
68	75	4558	1.62	4633
69	60	4330	1.37	4390
70	60	4418	1.34	4478
71	62	3988	1.53	4050
72	61	4089	1.47	4150
73	55	4027	1.35	4082
74	54	3822	1.39	3876
75	43	3891	1.09	3934
76	42	3639	1.14	3681
77	70	3623	1.90	3693
78	41	3387	1.20	3428
79	66	3844	1.69	3910
80	68	3569	1.87	3637
81	68	3763	1.77	3831
82	63	3668	1.69	3731
83	48	3929	1.21	3977
84	66	4611	1.41	4677
85	57	4498	1.25	4555
86	65	4378	1.46	4443
87	80	4249	1.85	4329
88	75	4607	1.60	4682
89	72	4656	1.52	4728
90	74	4506	1.62	4580
91	63	4341	1.43	4404
92	64	4112	1.53	4176
93	51	4021	1.25	4072
94	51	4102	1.23	4153
95	46	4187	1.09	4233
96	59	4340	1.34	4399
97	77	4421	1.71	4498
98	61	4689	1.28	4750
99	51	4291	1.17	4342
100	63	4430	1.40	4493
101	74	4524	1.61	4598
102	48	4632	1.03	4680
103	46	4212	1.08	4258
104	56	3736	1.48	3792
105	49	3640	1.33	3689
106	37	3680	1.00	3717
107	63	3833	1.62	3896
108	50	3623	1.36	3673
109	57	3757	1.49	3814
110	46	3718	1.22	3764
111	50	4007	1.23	4057
112	52	3948	1.30	4000
113	74	4019	1.81	4093
114	55	4260	1.27	4315
115	60	4297	1.38	4357
116	63	4543	1.37	4606
117	46	4501	1.01	4547
118	62	4650	1.32	4712
119	67	4613	1.43	4680
120	59	4148	1.40	4207
121	60	3987	1.48	4047
122	50	3498	1.41	3548
123	42	3613	1.15	3655
124	48	3760	1.26	3808
125	50	3918	1.26	3968
126	60	4212	1.40	4272
127	32	3994	0.79	4026
128	39	3767	1.02	3806
129	19	0	100.00	19

