CpG context
===========
position	count methylated	count unmethylated	% methylation	coverage
1	4608	2541	64.46	7149
2	5021	1899	72.56	6920
3	5090	1420	78.19	6510
4	5173	1203	81.13	6376
5	5141	992	83.83	6133
6	5091	1067	82.67	6158
7	4846	885	84.56	5731
8	4830	893	84.40	5723
9	4797	950	83.47	5747
10	4799	890	84.36	5689
11	4893	874	84.84	5767
12	4637	952	82.97	5589
13	4725	946	83.32	5671
14	4624	885	83.94	5509
15	4735	915	83.81	5650
16	4727	860	84.61	5587
17	4592	924	83.25	5516
18	4711	848	84.75	5559
19	4548	893	83.59	5441
20	4642	973	82.67	5615
21	4622	855	84.39	5477
22	4773	801	85.63	5574
23	4544	927	83.06	5471
24	4610	915	83.44	5525
25	4602	873	84.05	5475
26	4780	909	84.02	5689
27	4718	871	84.42	5589
28	4482	837	84.26	5319
29	4534	879	83.76	5413
30	4587	880	83.90	5467
31	4528	913	83.22	5441
32	4726	878	84.33	5604
33	4702	841	84.83	5543
34	4512	899	83.39	5411
35	4446	723	86.01	5169
36	4662	868	84.30	5530
37	4482	865	83.82	5347
38	4617	833	84.72	5450
39	4664	806	85.27	5470
40	4562	860	84.14	5422
41	4541	830	84.55	5371
42	4614	859	84.30	5473
43	4601	893	83.75	5494
44	4630	811	85.09	5441
45	4659	873	84.22	5532
46	4467	874	83.64	5341
47	4583	852	84.32	5435
48	4676	864	84.40	5540
49	4439	824	84.34	5263
50	4630	885	83.95	5515
51	4531	837	84.41	5368
52	4466	869	83.71	5335
53	4614	825	84.83	5439
54	4547	894	83.57	5441
55	4519	920	83.09	5439
56	4435	805	84.64	5240
57	4293	897	82.72	5190
58	4462	852	83.97	5314
59	4621	836	84.68	5457
60	4405	859	83.68	5264
61	4412	837	84.05	5249
62	4394	756	85.32	5150
63	4354	823	84.10	5177
64	4385	843	83.88	5228
65	4281	816	83.99	5097
66	4312	874	83.15	5186
67	4338	849	83.63	5187
68	4342	840	83.79	5182
69	4184	832	83.41	5016
70	4268	827	83.77	5095
71	4161	787	84.09	4948
72	4241	849	83.32	5090
73	4102	811	83.49	4913
74	4136	868	82.65	5004
75	3972	802	83.20	4774
76	4267	832	83.68	5099
77	4151	844	83.10	4995
78	4061	827	83.08	4888
79	4247	796	84.22	5043
80	4153	796	83.92	4949
81	4138	836	83.19	4974
82	4272	801	84.21	5073
83	4180	808	83.80	4988
84	4128	813	83.55	4941
85	4110	818	83.40	4928
86	4213	801	84.02	5014
87	4135	800	83.79	4935
88	4233	835	83.52	5068
89	4278	771	84.73	5049
90	4217	837	83.44	5054
91	4058	777	83.93	4835
92	4228	795	84.17	5023
93	4308	858	83.39	5166
94	4194	811	83.80	5005
95	4181	781	84.26	4962
96	4165	772	84.36	4937
97	4188	731	85.14	4919
98	4116	776	84.14	4892
99	4098	709	85.25	4807
100	4043	780	83.83	4823
101	4138	753	84.60	4891
102	4063	762	84.21	4825
103	4051	760	84.20	4811
104	4022	813	83.19	4835
105	4088	750	84.50	4838
106	4055	809	83.37	4864
107	3950	814	82.91	4764
108	3951	733	84.35	4684
109	3944	703	84.87	4647
110	3936	770	83.64	4706
111	4020	733	84.58	4753
112	3856	691	84.80	4547
113	3846	732	84.01	4578
114	3746	738	83.54	4484
115	3911	693	84.95	4604
116	3890	718	84.42	4608
117	3871	756	83.66	4627
118	3612	706	83.65	4318
119	3763	708	84.16	4471
120	3863	693	84.79	4556
121	3744	725	83.78	4469
122	3781	713	84.13	4494
123	3878	681	85.06	4559
124	3711	672	84.67	4383
125	3873	736	84.03	4609
126	3680	716	83.71	4396
127	3801	706	84.34	4507
128	3584	698	83.70	4282
129	3731	708	84.05	4439
130	3702	687	84.35	4389
131	3718	732	83.55	4450
132	3665	650	84.94	4315
133	3649	711	83.69	4360
134	3686	684	84.35	4370
135	3698	688	84.31	4386
136	3770	670	84.91	4440
137	3676	714	83.74	4390
138	3582	667	84.30	4249
139	3621	656	84.66	4277
140	3461	719	82.80	4180
141	3512	627	84.85	4139
142	3485	576	85.82	4061
143	3374	619	84.50	3993
144	3229	588	84.60	3817
145	2458	391	86.28	2849

CHG context
===========
position	count methylated	count unmethylated	% methylation	coverage
1	3348	23656	12.40	27004
2	2444	23306	9.49	25750
3	1877	23713	7.33	25590
4	1557	24058	6.08	25615
5	1332	23623	5.34	24955
6	1321	23297	5.37	24618
7	1280	22905	5.29	24185
8	1271	23285	5.18	24556
9	1339	23481	5.39	24820
10	1267	23464	5.12	24731
11	1306	23476	5.27	24782
12	1351	24078	5.31	25429
13	1301	23998	5.14	25299
14	1320	23742	5.27	25062
15	1363	23572	5.47	24935
16	1336	23489	5.38	24825
17	1219	23554	4.92	24773
18	1354	23571	5.43	24925
19	1323	23432	5.34	24755
20	1355	22926	5.58	24281
21	1310	23008	5.39	24318
22	1393	23141	5.68	24534
23	1411	23284	5.71	24695
24	1410	23027	5.77	24437
25	1418	23254	5.75	24672
26	1405	22819	5.80	24224
27	1307	23191	5.34	24498
28	1405	22850	5.79	24255
29	1375	23003	5.64	24378
30	1329	22707	5.53	24036
31	1329	23181	5.42	24510
32	1436	22957	5.89	24393
33	1381	22921	5.68	24302
34	1285	22735	5.35	24020
35	1373	23257	5.57	24630
36	1394	22838	5.75	24232
37	1377	22772	5.70	24149
38	1388	22882	5.72	24270
39	1412	22478	5.91	23890
40	1355	22483	5.68	23838
41	1305	22693	5.44	23998
42	1330	22671	5.54	24001
43	1356	22350	5.72	23706
44	1388	22572	5.79	23960
45	1420	22453	5.95	23873
46	1371	22333	5.78	23704
47	1311	22391	5.53	23702
48	1394	22001	5.96	23395
49	1351	22047	5.77	23398
50	1421	22278	6.00	23699
51	1354	22498	5.68	23852
52	1371	22334	5.78	23705
53	1356	22150	5.77	23506
54	1336	22269	5.66	23605
55	1390	22114	5.91	23504
56	1376	22218	5.83	23594
57	1369	22358	5.77	23727
58	1379	21952	5.91	23331
59	1401	22003	5.99	23404
60	1396	22281	5.90	23677
61	1403	22202	5.94	23605
62	1418	21849	6.09	23267
63	1471	22274	6.19	23745
64	1409	21876	6.05	23285
65	1370	21790	5.92	23160
66	1403	21758	6.06	23161
67	1330	21776	5.76	23106
68	1346	21836	5.81	23182
69	1366	21966	5.85	23332
70	1283	21796	5.56	23079
71	1403	21718	6.07	23121
72	1303	21756	5.65	23059
73	1260	21873	5.45	23133
74	1309	21957	5.63	23266
75	1330	21774	5.76	23104
76	1332	21754	5.77	23086
77	1249	21878	5.40	23127
78	1380	21859	5.94	23239
79	1186	21885	5.14	23071
80	1276	21621	5.57	22897
81	1315	21587	5.74	22902
82	1298	21745	5.63	23043
83	1293	21706	5.62	22999
84	1303	21448	5.73	22751
85	1427	21885	6.12	23312
86	1333	21813	5.76	23146
87	1277	21620	5.58	22897
88	1363	21192	6.04	22555
89	1295	21089	5.79	22384
90	1276	21176	5.68	22452
91	1309	21266	5.80	22575
92	1334	20753	6.04	22087
93	1283	20927	5.78	22210
94	1331	20975	5.97	22306
95	1335	20641	6.07	21976
96	1390	20689	6.30	22079
97	1291	20569	5.91	21860
98	1344	20458	6.16	21802
99	1386	20554	6.32	21940
100	1277	20491	5.87	21768
101	1316	20375	6.07	21691
102	1300	20253	6.03	21553
103	1295	20269	6.01	21564
104	1347	19976	6.32	21323
105	1349	20443	6.19	21792
106	1403	20181	6.50	21584
107	1325	20074	6.19	21399
108	1272	20072	5.96	21344
109	1386	19752	6.56	21138
110	1350	19828	6.37	21178
111	1377	19958	6.45	21335
112	1277	19416	6.17	20693
113	1374	19832	6.48	21206
114	1299	19519	6.24	20818
115	1298	19455	6.25	20753
116	1361	19740	6.45	21101
117	1286	19473	6.19	20759
118	1378	19114	6.72	20492
119	1297	19223	6.32	20520
120	1279	19123	6.27	20402
121	1282	18909	6.35	20191
122	1286	19190	6.28	20476
123	1261	18723	6.31	19984
124	1325	18930	6.54	20255
125	1243	18701	6.23	19944
126	1246	18616	6.27	19862
127	1298	18755	6.47	20053
128	1320	18495	6.66	19815
129	1288	18584	6.48	19872
130	1215	18481	6.17	19696
131	1281	18640	6.43	19921
132	1295	18614	6.50	19909
133	1269	18060	6.57	19329
134	1275	18274	6.52	19549
135	1263	18198	6.49	19461
136	1265	18189	6.50	19454
137	1242	17766	6.53	19008
138	1194	17448	6.40	18642
139	1179	17273	6.39	18452
140	1178	17395	6.34	18573
141	1158	16877	6.42	18035
142	1145	16358	6.54	17503
143	962	14303	6.30	15265
144	998	14560	6.41	15558
145	777	12346	5.92	13123

CHH context
===========
position	count methylated	count unmethylated	% methylation	coverage
1	7753	54685	12.42	62438
2	6941	58936	10.54	65877
3	5727	62529	8.39	68256
4	4780	65018	6.85	69798
5	4655	64971	6.69	69626
6	4447	65147	6.39	69594
7	4429	66332	6.26	70761
8	4461	67369	6.21	71830
9	4534	68313	6.22	72847
10	4842	68565	6.60	73407
11	4783	68430	6.53	73213
12	4705	68349	6.44	73054
13	4655	68784	6.34	73439
14	4618	68897	6.28	73515
15	4676	68888	6.36	73564
16	4734	69508	6.38	74242
17	4695	69557	6.32	74252
18	4712	69556	6.34	74268
19	4750	68798	6.46	73548
20	4827	69629	6.48	74456
21	4696	69523	6.33	74219
22	4927	68753	6.69	73680
23	5029	69293	6.77	74322
24	4824	69298	6.51	74122
25	5140	69546	6.88	74686
26	4996	69785	6.68	74781
27	4968	69388	6.68	74356
28	5245	69616	7.01	74861
29	4889	69692	6.56	74581
30	4947	69766	6.62	74713
31	5178	69636	6.92	74814
32	5157	69992	6.86	75149
33	5212	69709	6.96	74921
34	5017	70095	6.68	75112
35	5180	70843	6.81	76023
36	5149	70422	6.81	75571
37	5003	70077	6.66	75080
38	4879	69756	6.54	74635
39	5100	70227	6.77	75327
40	4958	69946	6.62	74904
41	4930	70016	6.58	74946
42	5122	70602	6.76	75724
43	5020	70484	6.65	75504
44	5187	70696	6.84	75883
45	5085	70874	6.69	75959
46	5102	70430	6.75	75532
47	5045	71055	6.63	76100
48	5164	71022	6.78	76186
49	5089	70908	6.70	75997
50	5248	70335	6.94	75583
51	5139	70788	6.77	75927
52	5384	70760	7.07	76144
53	5419	70638	7.12	76057
54	5189	71040	6.81	76229
55	5281	71469	6.88	76750
56	5431	71481	7.06	76912
57	5282	72254	6.81	77536
58	5217	72363	6.72	77580
59	5221	72102	6.75	77323
60	5036	72302	6.51	77338
61	5267	71605	6.85	76872
62	5166	71589	6.73	76755
63	5391	71834	6.98	77225
64	5107	71523	6.66	76630
65	5324	72083	6.88	77407
66	5327	71886	6.90	77213
67	5064	71499	6.61	76563
68	5364	71141	7.01	76505
69	5282	71498	6.88	76780
70	5112	71040	6.71	76152
71	5033	70618	6.65	75651
72	5085	70588	6.72	75673
73	4981	70458	6.60	75439
74	5066	70073	6.74	75139
75	5162	69986	6.87	75148
76	4911	70219	6.54	75130
77	5111	70008	6.80	75119
78	5147	70536	6.80	75683
79	5013	70315	6.65	75328
80	4963	70245	6.60	75208
81	4970	70475	6.59	75445
82	5074	69989	6.76	75063
83	5008	69873	6.69	74881
84	4931	70182	6.56	75113
85	5025	70283	6.67	75308
86	5139	69745	6.86	74884
87	4961	69790	6.64	74751
88	4949	69385	6.66	74334
89	4920	70205	6.55	75125
90	5081	69938	6.77	75019
91	5124	69072	6.91	74196
92	5118	69770	6.83	74888
93	4948	69221	6.67	74169
94	5085	69482	6.82	74567
95	5127	70042	6.82	75169
96	5122	69778	6.84	74900
97	5145	69168	6.92	74313
98	5186	69222	6.97	74408
99	5098	68939	6.89	74037
100	5156	69776	6.88	74932
101	5194	68602	7.04	73796
102	5309	68562	7.19	73871
103	5245	68383	7.12	73628
104	5353	69225	7.18	74578
105	5133	67883	7.03	73016
106	5144	68419	6.99	73563
107	5194	68376	7.06	73570
108	5298	68188	7.21	73486
109	5227	67687	7.17	72914
110	5034	68063	6.89	73097
111	5131	67251	7.09	72382
112	5010	67010	6.96	72020
113	5313	66224	7.43	71537
114	5273	66590	7.34	71863
115	5220	66690	7.26	71910
116	5238	66649	7.29	71887
117	5094	66431	7.12	71525
118	5127	66924	7.12	72051
119	5166	66366	7.22	71532
120	5175	66238	7.25	71413
121	5094	65845	7.18	70939
122	5122	65641	7.24	70763
123	5202	65881	7.32	71083
124	5233	65471	7.40	70704
125	5141	65075	7.32	70216
126	5195	65492	7.35	70687
127	5062	65284	7.20	70346
128	5024	64541	7.22	69565
129	5216	64681	7.46	69897
130	5041	64800	7.22	69841
131	5108	64694	7.32	69802
132	5118	64291	7.37	69409
133	4832	63641	7.06	68473
134	5137	63530	7.48	68667
135	5062	64174	7.31	69236
136	4897	63691	7.14	68588
137	4911	63220	7.21	68131
138	4771	63059	7.03	67830
139	4813	63065	7.09	67878
140	4811	62330	7.17	67141
141	4810	61150	7.29	65960
142	4736	60694	7.24	65430
143	4680	59991	7.24	64671
144	4323	57217	7.02	61540
145	3110	49566	5.90	52676

