CpG context
===========
position	count methylated	count unmethylated	% methylation	coverage
1	26665	11192	70.44	37857
2	28165	11148	71.64	39313
3	28612	11378	71.55	39990
4	29142	11110	72.40	40252
5	28728	11045	72.23	39773
6	28648	10945	72.36	39593
7	30091	10988	73.25	41079
8	30734	11037	73.58	41771
9	29404	10957	72.85	40361
10	30266	11106	73.16	41372
11	30099	10873	73.46	40972
12	30444	11068	73.34	41512
13	31800	11309	73.77	43109
14	31772	10865	74.52	42637
15	31902	11182	74.05	43084
16	30512	11051	73.41	41563
17	29531	10854	73.12	40385
18	31139	11309	73.36	42448
19	31249	11068	73.85	42317
20	30376	10729	73.90	41105
21	31122	11309	73.35	42431
22	30378	10862	73.66	41240
23	31049	11019	73.81	42068
24	31987	11187	74.09	43174
25	32357	11436	73.89	43793
26	31421	11464	73.27	42885
27	31441	10884	74.28	42325
28	30995	10997	73.81	41992
29	30772	11003	73.66	41775
30	30261	11548	72.38	41809
31	29745	11195	72.66	40940
32	28998	10855	72.76	39853
33	28882	10587	73.18	39469
34	29847	11173	72.76	41020
35	29591	10986	72.93	40577
36	30038	10974	73.24	41012
37	30087	11209	72.86	41296
38	28690	11493	71.40	40183
39	29237	11273	72.17	40510
40	29319	10881	72.93	40200
41	27605	11155	71.22	38760
42	27815	10824	71.99	38639
43	27322	10802	71.67	38124
44	27172	10383	72.35	37555
45	27782	10718	72.16	38500
46	26843	10810	71.29	37653
47	27949	10852	72.03	38801
48	27767	11000	71.63	38767
49	27996	10822	72.12	38818
50	28712	10638	72.97	39350
51	28628	10931	72.37	39559
52	28509	10817	72.49	39326
53	27648	10649	72.19	38297
54	27636	10901	71.71	38537
55	27303	10537	72.15	37840
56	27171	10473	72.18	37644
57	28024	10579	72.60	38603
58	28428	10547	72.94	38975
59	27529	10637	72.13	38166
60	28035	10688	72.40	38723
61	27848	10970	71.74	38818
62	27807	10607	72.39	38414
63	28066	11183	71.51	39249
64	27317	10696	71.86	38013
65	27542	10342	72.70	37884
66	27934	10366	72.93	38300
67	27492	10327	72.69	37819
68	27748	10457	72.63	38205
69	27753	10415	72.71	38168
70	27789	10398	72.77	38187
71	28118	10361	73.07	38479
72	27757	10567	72.43	38324
73	27596	10230	72.96	37826
74	27002	9987	73.00	36989
75	27543	10103	73.16	37646
76	28017	10333	73.06	38350
77	27676	10498	72.50	38174
78	27260	10364	72.45	37624
79	27394	10393	72.50	37787
80	27923	10430	72.81	38353
81	27444	10258	72.79	37702
82	28354	10458	73.05	38812
83	27784	9983	73.57	37767
84	27534	9957	73.44	37491
85	27575	10278	72.85	37853
86	27371	10048	73.15	37419
87	26999	10279	72.43	37278
88	27286	10173	72.84	37459
89	27211	9913	73.30	37124
90	27683	10119	73.23	37802
91	27520	10403	72.57	37923
92	27513	10123	73.10	37636
93	28110	9975	73.81	38085
94	26888	9842	73.20	36730
95	27074	9855	73.31	36929
96	27896	9958	73.69	37854
97	26930	9745	73.43	36675
98	27100	9997	73.05	37097
99	27527	9730	73.88	37257
100	26722	9459	73.86	36181
101	26758	9692	73.41	36450
102	26779	9296	74.23	36075
103	26500	9439	73.74	35939
104	27034	9496	74.00	36530
105	25764	9543	72.97	35307
106	25989	9109	74.05	35098
107	25915	9557	73.06	35472
108	26838	9464	73.93	36302
109	26779	9560	73.69	36339
110	26948	9479	73.98	36427
111	26685	9189	74.39	35874
112	26004	9125	74.02	35129
113	26008	9327	73.60	35335
114	26246	9185	74.08	35431
115	26727	9271	74.25	35998
116	26339	9257	73.99	35596
117	26334	9207	74.09	35541
118	25738	9046	73.99	34784
119	26257	8886	74.71	35143
120	25855	8879	74.44	34734
121	25970	9085	74.08	35055
122	26953	8662	75.68	35615
123	26499	8841	74.98	35340
124	25510	8823	74.30	34333
125	25061	8654	74.33	33715
126	25025	8471	74.71	33496
127	23835	8249	74.29	32084
128	23610	7526	75.83	31136
129	20382	0	100.00	20382

CHG context
===========
position	count methylated	count unmethylated	% methylation	coverage
1	1035	172276	0.60	173311
2	1076	172786	0.62	173862
3	1024	173727	0.59	174751
4	981	175594	0.56	176575
5	939	167628	0.56	168567
6	1041	164687	0.63	165728
7	1049	168280	0.62	169329
8	1079	163808	0.65	164887
9	1095	166103	0.65	167198
10	1056	166326	0.63	167382
11	1042	164182	0.63	165224
12	1134	166082	0.68	167216
13	1124	165489	0.67	166613
14	1112	160640	0.69	161752
15	1026	162446	0.63	163472
16	1120	164016	0.68	165136
17	1126	160111	0.70	161237
18	1095	159657	0.68	160752
19	1068	164086	0.65	165154
20	1088	161461	0.67	162549
21	1023	161961	0.63	162984
22	1047	161205	0.65	162252
23	1131	163116	0.69	164247
24	1043	165362	0.63	166405
25	1169	162659	0.71	163828
26	1119	161617	0.69	162736
27	1098	160130	0.68	161228
28	1080	160807	0.67	161887
29	1077	164023	0.65	165100
30	1112	165409	0.67	166521
31	1092	164574	0.66	165666
32	1080	163982	0.65	165062
33	1119	163378	0.68	164497
34	1081	161788	0.66	162869
35	1019	160227	0.63	161246
36	1070	159192	0.67	160262
37	1139	160256	0.71	161395
38	999	162917	0.61	163916
39	1177	162268	0.72	163445
40	1157	163416	0.70	164573
41	1100	161492	0.68	162592
42	1122	160539	0.69	161661
43	1025	161903	0.63	162928
44	1071	164274	0.65	165345
45	1100	165088	0.66	166188
46	1113	160324	0.69	161437
47	1112	158532	0.70	159644
48	1040	161781	0.64	162821
49	1034	159029	0.65	160063
50	1021	160827	0.63	161848
51	1084	159912	0.67	160996
52	1121	158226	0.70	159347
53	1127	157037	0.71	158164
54	1025	157888	0.65	158913
55	1063	158461	0.67	159524
56	1006	155886	0.64	156892
57	1171	158718	0.73	159889
58	966	161358	0.60	162324
59	1145	159624	0.71	160769
60	1069	158782	0.67	159851
61	1085	158625	0.68	159710
62	1113	157513	0.70	158626
63	1061	160834	0.66	161895
64	1090	159614	0.68	160704
65	1038	158748	0.65	159786
66	1102	159412	0.69	160514
67	1153	158230	0.72	159383
68	1134	159325	0.71	160459
69	1070	161235	0.66	162305
70	1061	159380	0.66	160441
71	1153	158185	0.72	159338
72	1042	158804	0.65	159846
73	1061	157126	0.67	158187
74	1107	157401	0.70	158508
75	1003	154986	0.64	155989
76	1051	156085	0.67	157136
77	1205	158412	0.75	159617
78	1035	157143	0.65	158178
79	1146	157431	0.72	158577
80	1239	160290	0.77	161529
81	1186	158148	0.74	159334
82	1104	155213	0.71	156317
83	1038	153948	0.67	154986
84	1053	155840	0.67	156893
85	1175	153588	0.76	154763
86	1101	154190	0.71	155291
87	1073	153216	0.70	154289
88	1093	152834	0.71	153927
89	1179	153245	0.76	154424
90	1001	151625	0.66	152626
91	1115	150715	0.73	151830
92	1267	149371	0.84	150638
93	1178	149823	0.78	151001
94	1297	149246	0.86	150543
95	1130	149903	0.75	151033
96	1039	149338	0.69	150377
97	1134	148417	0.76	149551
98	1118	148688	0.75	149806
99	1013	147983	0.68	148996
100	1149	148478	0.77	149627
101	1015	147589	0.68	148604
102	1133	146085	0.77	147218
103	1146	146176	0.78	147322
104	1032	145660	0.70	146692
105	1105	145297	0.75	146402
106	1153	144577	0.79	145730
107	1054	146866	0.71	147920
108	1122	147301	0.76	148423
109	1190	147693	0.80	148883
110	1152	145518	0.79	146670
111	1189	144881	0.81	146070
112	1144	143798	0.79	144942
113	1037	143390	0.72	144427
114	1132	141359	0.79	142491
115	1111	142509	0.77	143620
116	1174	142611	0.82	143785
117	1140	142537	0.79	143677
118	1218	142542	0.85	143760
119	1199	142311	0.84	143510
120	1087	139568	0.77	140655
121	1235	138753	0.88	139988
122	1217	137112	0.88	138329
123	1272	135265	0.93	136537
124	1221	135539	0.89	136760
125	1046	133351	0.78	134397
126	1042	127695	0.81	128737
127	960	124382	0.77	125342
128	913	115429	0.78	116342
129	621	0	100.00	621

CHH context
===========
position	count methylated	count unmethylated	% methylation	coverage
1	3398	556257	0.61	559655
2	3313	540214	0.61	543527
3	3326	541804	0.61	545130
4	3329	537573	0.62	540902
5	3350	524836	0.63	528186
6	3211	527201	0.61	530412
7	3333	521105	0.64	524438
8	3265	517550	0.63	520815
9	3458	523055	0.66	526513
10	3466	518470	0.66	521936
11	3288	514338	0.64	517626
12	3357	515749	0.65	519106
13	3377	519200	0.65	522577
14	3361	514101	0.65	517462
15	3297	509678	0.64	512975
16	3385	512934	0.66	516319
17	3142	509991	0.61	513133
18	3186	501830	0.63	505016
19	3157	497655	0.63	500812
20	3236	499475	0.64	502711
21	3302	503960	0.65	507262
22	3171	508867	0.62	512038
23	3157	506445	0.62	509602
24	3298	502878	0.65	506176
25	3295	511680	0.64	514975
26	3458	511247	0.67	514705
27	3479	509600	0.68	513079
28	3151	508769	0.62	511920
29	3290	507776	0.64	511066
30	3185	509454	0.62	512639
31	3268	509680	0.64	512948
32	3363	511597	0.65	514960
33	3234	511469	0.63	514703
34	3200	508885	0.62	512085
35	3235	512287	0.63	515522
36	3306	509969	0.64	513275
37	3197	510660	0.62	513857
38	3350	509514	0.65	512864
39	3409	515120	0.66	518529
40	3386	517060	0.65	520446
41	3476	518963	0.67	522439
42	3410	517222	0.65	520632
43	3296	510594	0.64	513890
44	3354	514141	0.65	517495
45	3408	520422	0.65	523830
46	3568	517084	0.69	520652
47	3318	514438	0.64	517756
48	3300	516345	0.64	519645
49	3410	514151	0.66	517561
50	3349	511214	0.65	514563
51	3601	513799	0.70	517400
52	3315	513664	0.64	516979
53	3472	508121	0.68	511593
54	3432	510556	0.67	513988
55	3295	506732	0.65	510027
56	3513	504175	0.69	507688
57	3507	508684	0.68	512191
58	3228	506010	0.63	509238
59	3347	508224	0.65	511571
60	3500	512541	0.68	516041
61	3317	508001	0.65	511318
62	3351	509515	0.65	512866
63	3593	508977	0.70	512570
64	3441	507870	0.67	511311
65	3471	507452	0.68	510923
66	3473	504304	0.68	507777
67	3315	503345	0.65	506660
68	3363	502085	0.67	505448
69	3482	507688	0.68	511170
70	3405	508686	0.66	512091
71	3468	511343	0.67	514811
72	3507	513003	0.68	516510
73	3497	512993	0.68	516490
74	3617	514473	0.70	518090
75	3438	511821	0.67	515259
76	3333	510192	0.65	513525
77	3242	507851	0.63	511093
78	3192	502491	0.63	505683
79	3381	503664	0.67	507045
80	3140	507158	0.62	510298
81	3414	510781	0.66	514195
82	3440	509785	0.67	513225
83	3354	504931	0.66	508285
84	3620	500547	0.72	504167
85	3309	499718	0.66	503027
86	3499	500487	0.69	503986
87	3444	498802	0.69	502246
88	3421	497212	0.68	500633
89	4276	497983	0.85	502259
90	3237	494380	0.65	497617
91	3634	494129	0.73	497763
92	3537	495365	0.71	498902
93	3865	494047	0.78	497912
94	3627	496306	0.73	499933
95	3642	495246	0.73	498888
96	3538	492381	0.71	495919
97	3432	491882	0.69	495314
98	3528	490884	0.71	494412
99	3690	488144	0.75	491834
100	3982	489304	0.81	493286
101	3446	488848	0.70	492294
102	3589	488816	0.73	492405
103	3601	486018	0.74	489619
104	3606	488537	0.73	492143
105	3616	488003	0.74	491619
106	3458	484133	0.71	487591
107	3561	485623	0.73	489184
108	4006	482385	0.82	486391
109	3842	480119	0.79	483961
110	3523	481184	0.73	484707
111	3722	476069	0.78	479791
112	3934	476969	0.82	480903
113	3498	479215	0.72	482713
114	3483	475398	0.73	478881
115	3634	471972	0.76	475606
116	3774	470313	0.80	474087
117	3489	470062	0.74	473551
118	3780	467111	0.80	470891
119	3551	466828	0.75	470379
120	3907	466386	0.83	470293
121	3866	459780	0.83	463646
122	3595	457225	0.78	460820
123	3875	455262	0.84	459137
124	3796	447922	0.84	451718
125	3647	440838	0.82	444485
126	3152	431497	0.73	434649
127	2915	413652	0.70	416567
128	2510	374190	0.67	376700
129	1769	0	100.00	1769

