CpG context
===========
position	count methylated	count unmethylated	% methylation	coverage
1	15818	8319	65.53	24137
2	16519	7245	69.51	23764
3	15481	6091	71.76	21572
4	15185	5622	72.98	20807
5	14232	5170	73.35	19402
6	13134	4646	73.87	17780
7	12712	4249	74.95	16961
8	12502	4768	72.39	17270
9	12785	4467	74.11	17252
10	13286	4430	74.99	17716
11	12977	4404	74.66	17381
12	12818	4581	73.67	17399
13	13392	4542	74.67	17934
14	12843	4541	73.88	17384
15	13101	4346	75.09	17447
16	12634	4394	74.20	17028
17	12768	4553	73.71	17321
18	12727	4385	74.37	17112
19	12717	4367	74.44	17084
20	12500	4266	74.56	16766
21	12530	4454	73.78	16984
22	12767	4372	74.49	17139
23	12832	4488	74.09	17320
24	12574	4283	74.59	16857
25	12733	4468	74.02	17201
26	13018	4386	74.80	17404
27	12947	4267	75.21	17214
28	12861	4332	74.80	17193
29	12626	4507	73.69	17133
30	12533	4475	73.69	17008
31	12749	4524	73.81	17273
32	12719	4620	73.35	17339
33	12773	4543	73.76	17316
34	12505	4531	73.40	17036
35	12708	4394	74.31	17102
36	12556	4445	73.85	17001
37	13010	4330	75.03	17340
38	12459	4304	74.32	16763
39	12748	4368	74.48	17116
40	12661	4483	73.85	17144
41	12951	4309	75.03	17260
42	12927	4400	74.61	17327
43	12784	4260	75.01	17044
44	12599	4332	74.41	16931
45	12513	4285	74.49	16798
46	12480	4541	73.32	17021
47	12228	4476	73.20	16704
48	12783	4392	74.43	17175
49	12621	4486	73.78	17107
50	12542	4415	73.96	16957
51	12375	4375	73.88	16750
52	12126	4501	72.93	16627
53	12453	4375	74.00	16828
54	12235	4445	73.35	16680
55	12446	4277	74.42	16723
56	12761	4351	74.57	17112
57	12538	4584	73.23	17122
58	12407	4248	74.49	16655
59	12190	4408	73.44	16598
60	12124	4518	72.85	16642
61	11872	4518	72.43	16390
62	12108	4527	72.79	16635
63	12229	4415	73.47	16644
64	12008	4592	72.34	16600
65	11727	4566	71.98	16293
66	12053	4038	74.91	16091
67	11765	4117	74.08	15882
68	11977	4450	72.91	16427
69	11447	4316	72.62	15763
70	11647	4559	71.87	16206
71	11684	4324	72.99	16008
72	11398	4330	72.47	15728
73	11421	4509	71.69	15930
74	11648	4318	72.96	15966
75	11393	4304	72.58	15697
76	11632	4338	72.84	15970
77	11662	4266	73.22	15928
78	11670	4152	73.76	15822
79	11709	4519	72.15	16228
80	11543	4387	72.46	15930
81	11557	4304	72.86	15861
82	11587	4276	73.04	15863
83	11289	4201	72.88	15490
84	11643	4449	72.35	16092
85	11615	4300	72.98	15915
86	11863	4452	72.71	16315
87	11821	4223	73.68	16044
88	11631	4273	73.13	15904
89	11551	4295	72.90	15846
90	11223	4433	71.68	15656
91	11731	4512	72.22	16243
92	11502	4083	73.80	15585
93	11478	4275	72.86	15753
94	11384	4455	71.87	15839
95	11573	4400	72.45	15973
96	11535	4483	72.01	16018
97	11362	4575	71.29	15937
98	11062	4812	69.69	15874
99	10735	4744	69.35	15479
100	10552	4906	68.26	15458
101	10608	5039	67.80	15647
102	10041	4971	66.89	15012
103	9870	4802	67.27	14672
104	9439	5319	63.96	14758
105	9423	5298	64.01	14721
106	8981	5365	62.60	14346
107	8871	5448	61.95	14319
108	8673	5578	60.86	14251
109	8452	5472	60.70	13924
110	7887	5706	58.02	13593
111	7519	5708	56.85	13227
112	7661	5624	57.67	13285
113	7441	5671	56.75	13112
114	7410	5897	55.68	13307
115	7234	5998	54.67	13232
116	6865	5732	54.50	12597
117	6888	6200	52.63	13088
118	6732	5824	53.62	12556
119	6701	5802	53.60	12503
120	6551	5871	52.74	12422
121	6549	6048	51.99	12597
122	6374	5803	52.34	12177
123	6050	6177	49.48	12227
124	6004	6012	49.97	12016
125	6169	6111	50.24	12280
126	5881	5996	49.52	11877
127	5850	5885	49.85	11735
128	5678	5851	49.25	11529
129	5654	6099	48.11	11753
130	5587	6215	47.34	11802
131	5650	5965	48.64	11615
132	5450	6118	47.11	11568
133	5312	5837	47.65	11149
134	5240	6028	46.50	11268
135	4908	5941	45.24	10849
136	4870	5923	45.12	10793
137	4527	5814	43.78	10341
138	4454	6004	42.59	10458
139	4103	5646	42.09	9749
140	4091	5587	42.27	9678
141	3687	5229	41.35	8916
142	3581	5013	41.67	8594
143	2977	4491	39.86	7468
144	3173	3995	44.27	7168
145	1502	1821	45.20	3323

CHG context
===========
position	count methylated	count unmethylated	% methylation	coverage
1	11041	67330	14.09	78371
2	8166	67616	10.78	75782
3	5697	69899	7.54	75596
4	3667	71614	4.87	75281
5	2399	70089	3.31	72488
6	1792	69674	2.51	71466
7	1239	70905	1.72	72144
8	1088	72629	1.48	73717
9	1015	72646	1.38	73661
10	1010	71945	1.38	72955
11	1113	72850	1.50	73963
12	1014	73016	1.37	74030
13	1052	71641	1.45	72693
14	1066	71501	1.47	72567
15	1084	72384	1.48	73468
16	1059	71955	1.45	73014
17	909	70957	1.26	71866
18	975	71714	1.34	72689
19	1035	71166	1.43	72201
20	1049	71262	1.45	72311
21	971	71295	1.34	72266
22	925	71089	1.28	72014
23	909	70688	1.27	71597
24	1036	70632	1.45	71668
25	1021	71264	1.41	72285
26	1009	70831	1.40	71840
27	985	69717	1.39	70702
28	1009	70240	1.42	71249
29	871	69187	1.24	70058
30	941	70116	1.32	71057
31	968	70815	1.35	71783
32	980	69586	1.39	70566
33	971	69545	1.38	70516
34	1040	70176	1.46	71216
35	943	70537	1.32	71480
36	996	69812	1.41	70808
37	1073	70215	1.51	71288
38	1022	69977	1.44	70999
39	987	69375	1.40	70362
40	980	69460	1.39	70440
41	914	69264	1.30	70178
42	972	69845	1.37	70817
43	1021	69779	1.44	70800
44	993	69474	1.41	70467
45	1087	69009	1.55	70096
46	975	68460	1.40	69435
47	967	69503	1.37	70470
48	957	69027	1.37	69984
49	1007	69126	1.44	70133
50	1044	69920	1.47	70964
51	938	68991	1.34	69929
52	998	69189	1.42	70187
53	971	69003	1.39	69974
54	1026	69584	1.45	70610
55	1043	67858	1.51	68901
56	1003	68300	1.45	69303
57	1083	68108	1.57	69191
58	944	68213	1.37	69157
59	991	67997	1.44	68988
60	1051	68072	1.52	69123
61	956	68281	1.38	69237
62	1053	68353	1.52	69406
63	1056	68601	1.52	69657
64	961	68030	1.39	68991
65	878	67814	1.28	68692
66	964	67095	1.42	68059
67	988	68048	1.43	69036
68	954	68211	1.38	69165
69	1110	67102	1.63	68212
70	1110	67104	1.63	68214
71	1040	68037	1.51	69077
72	923	67939	1.34	68862
73	933	66939	1.37	67872
74	939	67335	1.38	68274
75	964	67906	1.40	68870
76	955	67330	1.40	68285
77	918	67232	1.35	68150
78	923	67905	1.34	68828
79	999	67748	1.45	68747
80	875	67163	1.29	68038
81	915	68455	1.32	69370
82	938	67581	1.37	68519
83	933	67961	1.35	68894
84	945	67087	1.39	68032
85	1008	67729	1.47	68737
86	874	67492	1.28	68366
87	1016	67229	1.49	68245
88	887	67041	1.31	67928
89	945	66524	1.40	67469
90	892	66232	1.33	67124
91	1061	66599	1.57	67660
92	885	67072	1.30	67957
93	865	65755	1.30	66620
94	983	65337	1.48	66320
95	988	65901	1.48	66889
96	970	66629	1.43	67599
97	999	66377	1.48	67376
98	955	65849	1.43	66804
99	957	65989	1.43	66946
100	948	66210	1.41	67158
101	859	64832	1.31	65691
102	904	65460	1.36	66364
103	826	65864	1.24	66690
104	779	64627	1.19	65406
105	879	65341	1.33	66220
106	739	65657	1.11	66396
107	751	65626	1.13	66377
108	672	64987	1.02	65659
109	714	64793	1.09	65507
110	754	64526	1.16	65280
111	750	64125	1.16	64875
112	667	63885	1.03	64552
113	696	63463	1.08	64159
114	769	64615	1.18	65384
115	595	63839	0.92	64434
116	627	63554	0.98	64181
117	641	63108	1.01	63749
118	598	63278	0.94	63876
119	575	63440	0.90	64015
120	596	62176	0.95	62772
121	607	62502	0.96	63109
122	586	63369	0.92	63955
123	595	61365	0.96	61960
124	650	62258	1.03	62908
125	601	61772	0.96	62373
126	644	61344	1.04	61988
127	571	61371	0.92	61942
128	618	60775	1.01	61393
129	610	60825	0.99	61435
130	550	61218	0.89	61768
131	583	60575	0.95	61158
132	575	59465	0.96	60040
133	530	60100	0.87	60630
134	557	59147	0.93	59704
135	542	59846	0.90	60388
136	547	58074	0.93	58621
137	506	58213	0.86	58719
138	463	57363	0.80	57826
139	444	56399	0.78	56843
140	455	55975	0.81	56430
141	449	54259	0.82	54708
142	409	51662	0.79	52071
143	214	43530	0.49	43744
144	223	43742	0.51	43965
145	127	27758	0.46	27885

CHH context
===========
position	count methylated	count unmethylated	% methylation	coverage
1	38478	146236	20.83	184714
2	29944	158663	15.88	188607
3	21633	176230	10.93	197863
4	14698	187897	7.25	202595
5	9752	191817	4.84	201569
6	6584	195715	3.25	202299
7	4773	200332	2.33	205105
8	4094	202486	1.98	206580
9	3697	199687	1.82	203384
10	3758	199251	1.85	203009
11	3581	197981	1.78	201562
12	3570	197498	1.78	201068
13	3519	198465	1.74	201984
14	3461	196747	1.73	200208
15	3688	196763	1.84	200451
16	3545	197521	1.76	201066
17	3613	197952	1.79	201565
18	3610	197332	1.80	200942
19	3706	197928	1.84	201634
20	3560	198552	1.76	202112
21	3587	197812	1.78	201399
22	3718	195809	1.86	199527
23	3796	196623	1.89	200419
24	3530	198285	1.75	201815
25	3855	196495	1.92	200350
26	3779	198244	1.87	202023
27	3574	198296	1.77	201870
28	3629	197742	1.80	201371
29	3831	197343	1.90	201174
30	3776	198102	1.87	201878
31	3796	198396	1.88	202192
32	3695	199038	1.82	202733
33	3559	199472	1.75	203031
34	3806	199316	1.87	203122
35	3803	200429	1.86	204232
36	3703	199803	1.82	203506
37	3713	200492	1.82	204205
38	3817	200625	1.87	204442
39	3708	199358	1.83	203066
40	3791	199287	1.87	203078
41	3773	200663	1.85	204436
42	3818	200324	1.87	204142
43	3788	199787	1.86	203575
44	3625	199097	1.79	202722
45	3929	200182	1.92	204111
46	3681	199893	1.81	203574
47	3689	199912	1.81	203601
48	3563	201211	1.74	204774
49	3964	201342	1.93	205306
50	3929	201953	1.91	205882
51	3875	201216	1.89	205091
52	3803	202085	1.85	205888
53	3810	201590	1.85	205400
54	3712	202417	1.80	206129
55	3627	203154	1.75	206781
56	3714	203529	1.79	207243
57	3849	203929	1.85	207778
58	3600	204021	1.73	207621
59	3651	205049	1.75	208700
60	3889	205371	1.86	209260
61	3889	205570	1.86	209459
62	3731	204061	1.80	207792
63	3711	204840	1.78	208551
64	3719	205039	1.78	208758
65	3663	203939	1.76	207602
66	3652	205177	1.75	208829
67	3644	204582	1.75	208226
68	3715	203489	1.79	207204
69	3686	204416	1.77	208102
70	3536	203748	1.71	207284
71	3606	204524	1.73	208130
72	3451	202652	1.67	206103
73	3739	202159	1.82	205898
74	3623	202110	1.76	205733
75	3618	202037	1.76	205655
76	3604	201225	1.76	204829
77	3729	200877	1.82	204606
78	3482	200928	1.70	204410
79	3722	202261	1.81	205983
80	3605	201095	1.76	204700
81	3333	202633	1.62	205966
82	3616	201800	1.76	205416
83	3475	200981	1.70	204456
84	3747	201984	1.82	205731
85	3458	203265	1.67	206723
86	3508	203731	1.69	207239
87	3498	203415	1.69	206913
88	3514	203928	1.69	207442
89	3466	203144	1.68	206610
90	3546	204170	1.71	207716
91	3642	203703	1.76	207345
92	3522	204029	1.70	207551
93	3556	203430	1.72	206986
94	3573	204774	1.71	208347
95	3450	204664	1.66	208114
96	3726	205820	1.78	209546
97	3667	205095	1.76	208762
98	3493	206222	1.67	209715
99	3541	206705	1.68	210246
100	3447	204520	1.66	207967
101	3368	205604	1.61	208972
102	3417	204841	1.64	208258
103	2940	204256	1.42	207196
104	3148	206437	1.50	209585
105	3133	205383	1.50	208516
106	3030	205604	1.45	208634
107	3072	203450	1.49	206522
108	2947	204680	1.42	207627
109	2871	204145	1.39	207016
110	2572	204483	1.24	207055
111	2591	203478	1.26	206069
112	2466	203923	1.19	206389
113	2703	203059	1.31	205762
114	2603	202661	1.27	205264
115	2635	202339	1.29	204974
116	2520	202135	1.23	204655
117	2427	200780	1.19	203207
118	2436	200348	1.20	202784
119	2607	200517	1.28	203124
120	2460	199730	1.22	202190
121	2483	198802	1.23	201285
122	2273	200421	1.12	202694
123	2401	199518	1.19	201919
124	2385	199050	1.18	201435
125	2424	199182	1.20	201606
126	2243	197653	1.12	199896
127	2327	197480	1.16	199807
128	2204	197715	1.10	199919
129	2197	195786	1.11	197983
130	2111	196838	1.06	198949
131	2201	194741	1.12	196942
132	2036	193995	1.04	196031
133	2178	192338	1.12	194516
134	2150	191886	1.11	194036
135	2089	190817	1.08	192906
136	2041	190676	1.06	192717
137	1907	188563	1.00	190470
138	1935	187819	1.02	189754
139	1672	185663	0.89	187335
140	1662	183202	0.90	184864
141	1715	180625	0.94	182340
142	1569	175066	0.89	176635
143	1367	169305	0.80	170672
144	973	155888	0.62	156861
145	572	110699	0.51	111271

