CpG context
===========
position	count methylated	count unmethylated	% methylation	coverage
1	2579	1420	64.49	3999
2	2745	1265	68.45	4010
3	2562	1022	71.48	3584
4	2573	899	74.11	3472
5	2550	894	74.04	3444
6	2454	775	76.00	3229
7	2248	829	73.06	3077
8	2314	825	73.72	3139
9	2228	708	75.89	2936
10	2356	802	74.60	3158
11	2297	762	75.09	3059
12	2398	748	76.22	3146
13	2347	738	76.08	3085
14	2329	794	74.58	3123
15	2389	776	75.48	3165
16	2333	745	75.80	3078
17	2261	816	73.48	3077
18	2352	732	76.26	3084
19	2259	651	77.63	2910
20	2350	791	74.82	3141
21	2261	712	76.05	2973
22	2277	769	74.75	3046
23	2300	785	74.55	3085
24	2290	736	75.68	3026
25	2419	717	77.14	3136
26	2361	848	73.57	3209
27	2352	758	75.63	3110
28	2379	770	75.55	3149
29	2409	731	76.72	3140
30	2332	827	73.82	3159
31	2296	743	75.55	3039
32	2329	750	75.64	3079
33	2395	739	76.42	3134
34	2394	780	75.43	3174
35	2440	738	76.78	3178
36	2285	790	74.31	3075
37	2466	773	76.13	3239
38	2227	734	75.21	2961
39	2265	752	75.07	3017
40	2375	730	76.49	3105
41	2326	791	74.62	3117
42	2315	762	75.24	3077
43	2340	739	76.00	3079
44	2490	724	77.47	3214
45	2379	755	75.91	3134
46	2380	730	76.53	3110
47	2310	757	75.32	3067
48	2276	770	74.72	3046
49	2383	710	77.04	3093
50	2350	710	76.80	3060
51	2248	789	74.02	3037
52	2355	718	76.64	3073
53	2300	696	76.77	2996
54	2248	770	74.49	3018
55	2375	728	76.54	3103
56	2289	784	74.49	3073
57	2418	756	76.18	3174
58	2149	769	73.65	2918
59	2204	746	74.71	2950
60	2275	750	75.21	3025
61	2393	740	76.38	3133
62	2285	746	75.39	3031
63	2273	806	73.82	3079
64	2272	690	76.70	2962
65	2235	761	74.60	2996
66	2274	764	74.85	3038
67	2303	777	74.77	3080
68	2264	758	74.92	3022
69	2200	752	74.53	2952
70	2148	778	73.41	2926
71	2137	784	73.16	2921
72	2196	748	74.59	2944
73	2288	731	75.79	3019
74	2218	794	73.64	3012
75	2356	763	75.54	3119
76	2207	773	74.06	2980
77	2275	806	73.84	3081
78	2223	726	75.38	2949
79	2250	765	74.63	3015
80	2223	763	74.45	2986
81	2251	728	75.56	2979
82	2173	795	73.21	2968
83	2195	736	74.89	2931
84	2131	812	72.41	2943
85	2099	775	73.03	2874
86	2237	751	74.87	2988
87	2125	722	74.64	2847
88	2242	802	73.65	3044
89	2277	740	75.47	3017
90	2164	764	73.91	2928
91	2270	757	74.99	3027
92	2250	727	75.58	2977
93	2219	792	73.70	3011
94	2159	764	73.86	2923
95	2214	730	75.20	2944
96	2186	836	72.34	3022
97	2081	857	70.83	2938
98	2076	840	71.19	2916
99	2097	764	73.30	2861
100	2061	855	70.68	2916
101	2094	825	71.74	2919
102	2027	904	69.16	2931
103	2038	847	70.64	2885
104	2057	950	68.41	3007
105	2031	875	69.89	2906
106	2025	853	70.36	2878
107	1841	940	66.20	2781
108	1866	970	65.80	2836
109	1823	900	66.95	2723
110	1764	945	65.12	2709
111	1745	922	65.43	2667
112	1739	927	65.23	2666
113	1752	965	64.48	2717
114	1690	925	64.63	2615
115	1656	949	63.57	2605
116	1623	895	64.46	2518
117	1642	970	62.86	2612
118	1703	1003	62.93	2706
119	1631	938	63.49	2569
120	1616	1022	61.26	2638
121	1605	952	62.77	2557
122	1611	965	62.54	2576
123	1723	953	64.39	2676
124	1636	1021	61.57	2657
125	1659	936	63.93	2595
126	1568	947	62.35	2515
127	1599	942	62.93	2541
128	1398	966	59.14	2364
129	1579	977	61.78	2556
130	1579	956	62.29	2535
131	1524	960	61.35	2484
132	1520	913	62.47	2433
133	1589	889	64.12	2478
134	1566	919	63.02	2485
135	1489	860	63.39	2349
136	1411	929	60.30	2340
137	1521	916	62.41	2437
138	1389	874	61.38	2263
139	1380	848	61.94	2228
140	1367	814	62.68	2181
141	1410	793	64.00	2203
142	1267	701	64.38	1968
143	1326	687	65.87	2013
144	1250	594	67.79	1844
145	1195	297	80.09	1492

CHG context
===========
position	count methylated	count unmethylated	% methylation	coverage
1	2035	10662	16.03	12697
2	1580	11263	12.30	12843
3	1333	11426	10.45	12759
4	970	11425	7.83	12395
5	774	11228	6.45	12002
6	580	11180	4.93	11760
7	525	11506	4.36	12031
8	574	11970	4.58	12544
9	581	12409	4.47	12990
10	544	12034	4.33	12578
11	569	12121	4.48	12690
12	538	12040	4.28	12578
13	528	12088	4.19	12616
14	525	12107	4.16	12632
15	487	12216	3.83	12703
16	594	12129	4.67	12723
17	493	12228	3.88	12721
18	571	11896	4.58	12467
19	562	12075	4.45	12637
20	569	11892	4.57	12461
21	537	11807	4.35	12344
22	597	12176	4.67	12773
23	553	12079	4.38	12632
24	582	11906	4.66	12488
25	507	12096	4.02	12603
26	548	11797	4.44	12345
27	576	11908	4.61	12484
28	544	11992	4.34	12536
29	551	11918	4.42	12469
30	523	12065	4.15	12588
31	624	11922	4.97	12546
32	536	11944	4.29	12480
33	598	11988	4.75	12586
34	583	11915	4.66	12498
35	529	11805	4.29	12334
36	565	11970	4.51	12535
37	561	11969	4.48	12530
38	541	11570	4.47	12111
39	503	11825	4.08	12328
40	574	11756	4.66	12330
41	553	11834	4.46	12387
42	617	11729	5.00	12346
43	558	11944	4.46	12502
44	547	11669	4.48	12216
45	515	11831	4.17	12346
46	546	11828	4.41	12374
47	511	11849	4.13	12360
48	598	11747	4.84	12345
49	514	11951	4.12	12465
50	564	11768	4.57	12332
51	547	11877	4.40	12424
52	541	11754	4.40	12295
53	572	11883	4.59	12455
54	527	11535	4.37	12062
55	574	11706	4.67	12280
56	609	11744	4.93	12353
57	490	11537	4.07	12027
58	515	11617	4.24	12132
59	570	11422	4.75	11992
60	591	11306	4.97	11897
61	559	11652	4.58	12211
62	572	11688	4.67	12260
63	610	11708	4.95	12318
64	550	11438	4.59	11988
65	593	11539	4.89	12132
66	592	11428	4.93	12020
67	510	11858	4.12	12368
68	577	11695	4.70	12272
69	598	11675	4.87	12273
70	550	11609	4.52	12159
71	593	11496	4.91	12089
72	500	11720	4.09	12220
73	530	11633	4.36	12163
74	574	11670	4.69	12244
75	520	11726	4.25	12246
76	578	12171	4.53	12749
77	538	11681	4.40	12219
78	527	11677	4.32	12204
79	530	11493	4.41	12023
80	502	11886	4.05	12388
81	475	11837	3.86	12312
82	494	11625	4.08	12119
83	569	11803	4.60	12372
84	499	11939	4.01	12438
85	471	11795	3.84	12266
86	500	11528	4.16	12028
87	558	11473	4.64	12031
88	567	11791	4.59	12358
89	525	11192	4.48	11717
90	502	11495	4.18	11997
91	522	11648	4.29	12170
92	574	11275	4.84	11849
93	550	11498	4.57	12048
94	510	11708	4.17	12218
95	491	11432	4.12	11923
96	536	11446	4.47	11982
97	541	11527	4.48	12068
98	535	11631	4.40	12166
99	504	11537	4.19	12041
100	479	11563	3.98	12042
101	517	11217	4.41	11734
102	510	11352	4.30	11862
103	450	11356	3.81	11806
104	491	11614	4.06	12105
105	468	11391	3.95	11859
106	489	11265	4.16	11754
107	439	11511	3.67	11950
108	483	11235	4.12	11718
109	444	11424	3.74	11868
110	457	11617	3.78	12074
111	440	11409	3.71	11849
112	465	11337	3.94	11802
113	445	11027	3.88	11472
114	432	11179	3.72	11611
115	420	11134	3.64	11554
116	451	11113	3.90	11564
117	476	11152	4.09	11628
118	452	11170	3.89	11622
119	463	10892	4.08	11355
120	447	10952	3.92	11399
121	396	11223	3.41	11619
122	396	10900	3.51	11296
123	449	10892	3.96	11341
124	437	10800	3.89	11237
125	473	10578	4.28	11051
126	420	10805	3.74	11225
127	440	10652	3.97	11092
128	430	10760	3.84	11190
129	447	10583	4.05	11030
130	466	10656	4.19	11122
131	381	10489	3.51	10870
132	446	10384	4.12	10830
133	420	10397	3.88	10817
134	471	10173	4.43	10644
135	423	10382	3.91	10805
136	436	10248	4.08	10684
137	430	10179	4.05	10609
138	459	9869	4.44	10328
139	431	9869	4.18	10300
140	452	9512	4.54	9964
141	431	9270	4.44	9701
142	401	8989	4.27	9390
143	361	7455	4.62	7816
144	382	7431	4.89	7813
145	288	5169	5.28	5457

CHH context
===========
position	count methylated	count unmethylated	% methylation	coverage
1	6260	25194	19.90	31454
2	5074	27962	15.36	33036
3	4203	29752	12.38	33955
4	3413	31359	9.82	34772
5	2808	31655	8.15	34463
6	2408	32781	6.84	35189
7	2072	32913	5.92	34985
8	1980	33599	5.57	35579
9	1969	33535	5.55	35504
10	1960	33419	5.54	35379
11	2048	33608	5.74	35656
12	2015	33372	5.69	35387
13	1953	33458	5.52	35411
14	1968	33445	5.56	35413
15	1968	33329	5.58	35297
16	1945	33944	5.42	35889
17	1954	33347	5.54	35301
18	1990	33141	5.66	35131
19	1985	33614	5.58	35599
20	2005	33791	5.60	35796
21	1984	33900	5.53	35884
22	2003	33990	5.56	35993
23	1986	33706	5.56	35692
24	1926	33836	5.39	35762
25	1923	33621	5.41	35544
26	2038	33810	5.69	35848
27	2063	33693	5.77	35756
28	2086	33690	5.83	35776
29	2114	34102	5.84	36216
30	2039	34028	5.65	36067
31	1949	34025	5.42	35974
32	2099	33855	5.84	35954
33	2030	33865	5.66	35895
34	2129	33605	5.96	35734
35	2113	33389	5.95	35502
36	1961	33942	5.46	35903
37	2020	33778	5.64	35798
38	2047	33595	5.74	35642
39	2029	34245	5.59	36274
40	2159	33520	6.05	35679
41	2060	33984	5.72	36044
42	2190	34144	6.03	36334
43	2181	33845	6.05	36026
44	2085	33792	5.81	35877
45	2077	33623	5.82	35700
46	2027	33637	5.68	35664
47	1984	33580	5.58	35564
48	1990	33464	5.61	35454
49	2036	33766	5.69	35802
50	2076	33302	5.87	35378
51	1963	33914	5.47	35877
52	2117	33681	5.91	35798
53	2116	33770	5.90	35886
54	1972	33920	5.49	35892
55	2075	34016	5.75	36091
56	2134	33575	5.98	35709
57	1993	34192	5.51	36185
58	2053	34078	5.68	36131
59	2010	34065	5.57	36075
60	2099	34366	5.76	36465
61	2065	34085	5.71	36150
62	2042	34496	5.59	36538
63	2076	34448	5.68	36524
64	2078	34835	5.63	36913
65	1990	34433	5.46	36423
66	2048	34334	5.63	36382
67	2173	33891	6.03	36064
68	1957	33917	5.46	35874
69	1994	33667	5.59	35661
70	2074	33634	5.81	35708
71	1964	33700	5.51	35664
72	2077	34272	5.71	36349
73	1985	33539	5.59	35524
74	2029	33759	5.67	35788
75	1979	33805	5.53	35784
76	1881	33717	5.28	35598
77	2032	33155	5.77	35187
78	2045	33371	5.77	35416
79	2028	33692	5.68	35720
80	2025	33872	5.64	35897
81	1950	33868	5.44	35818
82	1983	33912	5.52	35895
83	1977	33464	5.58	35441
84	2029	33542	5.70	35571
85	1905	33899	5.32	35804
86	1896	34272	5.24	36168
87	1867	34191	5.18	36058
88	2016	34026	5.59	36042
89	1996	33904	5.56	35900
90	2058	34381	5.65	36439
91	1934	34075	5.37	36009
92	2074	34406	5.69	36480
93	2072	34364	5.69	36436
94	1978	34461	5.43	36439
95	1948	34351	5.37	36299
96	2002	34254	5.52	36256
97	1849	34526	5.08	36375
98	1940	34085	5.39	36025
99	1914	34415	5.27	36329
100	1833	34616	5.03	36449
101	1929	34377	5.31	36306
102	1904	34380	5.25	36284
103	1827	34439	5.04	36266
104	1802	33860	5.05	35662
105	1797	34501	4.95	36298
106	1832	34558	5.03	36390
107	1834	34231	5.09	36065
108	1840	34029	5.13	35869
109	1705	34386	4.72	36091
110	1561	34336	4.35	35897
111	1717	34334	4.76	36051
112	1594	34006	4.48	35600
113	1628	34389	4.52	36017
114	1627	33769	4.60	35396
115	1654	33849	4.66	35503
116	1643	33591	4.66	35234
117	1610	33976	4.52	35586
118	1586	33334	4.54	34920
119	1526	33732	4.33	35258
120	1611	33833	4.55	35444
121	1595	33900	4.49	35495
122	1596	33171	4.59	34767
123	1661	33395	4.74	35056
124	1560	33607	4.44	35167
125	1636	33573	4.65	35209
126	1572	32743	4.58	34315
127	1685	32797	4.89	34482
128	1554	32657	4.54	34211
129	1572	32684	4.59	34256
130	1656	32277	4.88	33933
131	1557	32544	4.57	34101
132	1512	32369	4.46	33881
133	1625	32206	4.80	33831
134	1623	32041	4.82	33664
135	1583	32018	4.71	33601
136	1533	31763	4.60	33296
137	1609	31238	4.90	32847
138	1643	31140	5.01	32783
139	1575	30522	4.91	32097
140	1468	30130	4.65	31598
141	1569	29318	5.08	30887
142	1425	28551	4.75	29976
143	1375	27965	4.69	29340
144	1396	25461	5.20	26857
145	1078	19116	5.34	20194

