CpG context
===========
position	count methylated	count unmethylated	% methylation	coverage
1	908	211	81.14	1119
2	325	102	76.11	427
3	390	115	77.23	505
4	219	51	81.11	270
5	353	95	78.79	448
6	262	52	83.44	314
7	272	80	77.27	352
8	325	88	78.69	413
9	396	113	77.80	509
10	552	118	82.39	670
11	706	136	83.85	842
12	583	95	85.99	678
13	611	102	85.69	713
14	298	68	81.42	366
15	477	92	83.83	569
16	351	78	81.82	429
17	415	107	79.50	522
18	353	80	81.52	433
19	422	91	82.26	513
20	279	63	81.58	342
21	315	83	79.15	398
22	332	81	80.39	413
23	339	72	82.48	411
24	525	86	85.92	611
25	466	79	85.50	545
26	415	105	79.81	520
27	576	113	83.60	689
28	673	127	84.12	800
29	724	137	84.09	861
30	425	84	83.50	509
31	668	135	83.19	803
32	375	53	87.62	428
33	633	92	87.31	725
34	346	62	84.80	408
35	353	62	85.06	415
36	333	49	87.17	382
37	495	80	86.09	575
38	340	82	80.57	422
39	474	75	86.34	549
40	775	129	85.73	904
41	766	137	84.83	903
42	724	144	83.41	868
43	675	108	86.21	783
44	442	98	81.85	540
45	602	108	84.79	710
46	332	71	82.38	403
47	628	146	81.14	774
48	284	58	83.04	342
49	589	103	85.12	692
50	349	86	80.23	435
51	544	100	84.47	644
52	587	113	83.86	700
53	428	101	80.91	529
54	409	101	80.20	510
55	454	102	81.65	556
56	567	123	82.17	690
57	644	126	83.64	770
58	631	140	81.84	771
59	874	140	86.19	1014
60	517	100	83.79	617
61	639	114	84.86	753
62	257	57	81.85	314
63	363	63	85.21	426
64	244	45	84.43	289
65	332	79	80.78	411
66	354	74	82.71	428
67	439	109	80.11	548
68	629	137	82.11	766
69	670	130	83.75	800
70	691	109	86.38	800
71	627	91	87.33	718
72	432	78	84.71	510
73	565	93	85.87	658
74	353	78	81.90	431
75	457	81	84.94	538
76	310	75	80.52	385
77	499	85	85.45	584
78	388	73	84.16	461
79	391	81	82.84	472
80	281	62	81.92	343
81	370	61	85.85	431
82	582	111	83.98	693
83	428	109	79.70	537
84	555	111	83.33	666
85	635	119	84.22	754
86	592	101	85.43	693
87	806	137	85.47	943
88	618	112	84.66	730
89	770	150	83.70	920
90	350	90	79.55	440
91	486	93	83.94	579
92	237	66	78.22	303
93	296	63	82.45	359
94	241	55	81.42	296
95	369	79	82.37	448
96	333	95	77.80	428
97	437	95	82.14	532
98	601	100	85.73	701
99	585	104	84.91	689
100	561	123	82.02	684
101	523	94	84.76	617
102	312	69	81.89	381
103	353	59	85.68	412
104	270	76	78.03	346
105	388	82	82.55	470
106	285	69	80.51	354
107	312	63	83.20	375
108	244	80	75.31	324
109	479	95	83.45	574
110	464	90	83.75	554
111	393	69	85.06	462
112	472	93	83.54	565
113	547	135	80.21	682
114	624	113	84.67	737
115	513	110	82.34	623
116	551	129	81.03	680
117	403	109	78.71	512
118	282	81	77.69	363
119	312	86	78.39	398
120	236	68	77.63	304
121	264	72	78.57	336
122	208	54	79.39	262
123	258	73	77.95	331
124	264	73	78.34	337
125	329	79	80.64	408
126	344	71	82.89	415
127	436	100	81.34	536
128	545	142	79.33	687
129	306	0	100.00	306

CHG context
===========
position	count methylated	count unmethylated	% methylation	coverage
1	20	1442	1.37	1462
2	22	1485	1.46	1507
3	26	1577	1.62	1603
4	19	1385	1.35	1404
5	21	1388	1.49	1409
6	13	1229	1.05	1242
7	18	1204	1.47	1222
8	20	1451	1.36	1471
9	13	1100	1.17	1113
10	14	1426	0.97	1440
11	18	1220	1.45	1238
12	22	1350	1.60	1372
13	21	1323	1.56	1344
14	23	1359	1.66	1382
15	16	1132	1.39	1148
16	17	1144	1.46	1161
17	6	1299	0.46	1305
18	28	1324	2.07	1352
19	17	1558	1.08	1575
20	30	1755	1.68	1785
21	31	1890	1.61	1921
22	21	1864	1.11	1885
23	17	1625	1.04	1642
24	15	1410	1.05	1425
25	19	1074	1.74	1093
26	8	993	0.80	1001
27	13	1009	1.27	1022
28	9	1098	0.81	1107
29	19	1267	1.48	1286
30	27	1414	1.87	1441
31	26	1423	1.79	1449
32	17	1618	1.04	1635
33	11	1606	0.68	1617
34	8	1191	0.67	1199
35	11	1258	0.87	1269
36	17	1199	1.40	1216
37	11	1193	0.91	1204
38	12	1015	1.17	1027
39	12	1028	1.15	1040
40	17	1220	1.37	1237
41	11	1058	1.03	1069
42	16	1230	1.28	1246
43	24	1201	1.96	1225
44	24	1061	2.21	1085
45	15	1037	1.43	1052
46	16	1200	1.32	1216
47	7	1215	0.57	1222
48	20	1345	1.47	1365
49	23	1490	1.52	1513
50	24	1858	1.28	1882
51	21	1811	1.15	1832
52	26	1684	1.52	1710
53	13	1088	1.18	1101
54	10	1253	0.79	1263
55	13	896	1.43	909
56	17	1128	1.48	1145
57	11	1043	1.04	1054
58	12	1168	1.02	1180
59	16	1298	1.22	1314
60	37	1539	2.35	1576
61	24	1472	1.60	1496
62	31	1470	2.07	1501
63	23	1278	1.77	1301
64	20	1055	1.86	1075
65	14	1060	1.30	1074
66	18	1201	1.48	1219
67	14	1098	1.26	1112
68	11	1178	0.93	1189
69	7	1138	0.61	1145
70	14	1017	1.36	1031
71	14	997	1.38	1011
72	14	1121	1.23	1135
73	7	970	0.72	977
74	13	937	1.37	950
75	18	1054	1.68	1072
76	15	1206	1.23	1221
77	14	1227	1.13	1241
78	18	1459	1.22	1477
79	24	1582	1.49	1606
80	28	1516	1.81	1544
81	18	1425	1.25	1443
82	14	1383	1.00	1397
83	9	1001	0.89	1010
84	17	934	1.79	951
85	15	1033	1.43	1048
86	6	997	0.60	1003
87	9	990	0.90	999
88	27	1159	2.28	1186
89	17	1074	1.56	1091
90	19	1108	1.69	1127
91	25	1240	1.98	1265
92	15	1246	1.19	1261
93	12	1191	1.00	1203
94	7	1052	0.66	1059
95	18	1150	1.54	1168
96	16	1074	1.47	1090
97	18	1192	1.49	1210
98	10	1161	0.85	1171
99	18	1228	1.44	1246
100	11	1437	0.76	1448
101	21	1142	1.81	1163
102	14	1057	1.31	1071
103	19	865	2.15	884
104	16	995	1.58	1011
105	14	1098	1.26	1112
106	14	1124	1.23	1138
107	25	1303	1.88	1328
108	27	1544	1.72	1571
109	25	1734	1.42	1759
110	29	1668	1.71	1697
111	15	1248	1.19	1263
112	19	1207	1.55	1226
113	16	979	1.61	995
114	23	1079	2.09	1102
115	15	1034	1.43	1049
116	13	1042	1.23	1055
117	14	990	1.39	1004
118	18	1066	1.66	1084
119	9	1202	0.74	1211
120	19	1137	1.64	1156
121	11	1240	0.88	1251
122	14	1094	1.26	1108
123	13	1133	1.13	1146
124	9	1103	0.81	1112
125	10	1033	0.96	1043
126	16	1280	1.23	1296
127	18	1103	1.61	1121
128	16	1195	1.32	1211
129	9	0	100.00	9

CHH context
===========
position	count methylated	count unmethylated	% methylation	coverage
1	69	5589	1.22	5658
2	46	4857	0.94	4903
3	67	4885	1.35	4952
4	72	4451	1.59	4523
5	68	4493	1.49	4561
6	67	4721	1.40	4788
7	75	5170	1.43	5245
8	104	5812	1.76	5916
9	81	5604	1.42	5685
10	93	5850	1.56	5943
11	84	5119	1.61	5203
12	86	5723	1.48	5809
13	87	5199	1.65	5286
14	84	5282	1.57	5366
15	83	5271	1.55	5354
16	88	4943	1.75	5031
17	83	4611	1.77	4694
18	81	4449	1.79	4530
19	87	4436	1.92	4523
20	68	4296	1.56	4364
21	97	4905	1.94	5002
22	86	4734	1.78	4820
23	107	4730	2.21	4837
24	152	5321	2.78	5473
25	116	5649	2.01	5765
26	66	5953	1.10	6019
27	101	5744	1.73	5845
28	82	5686	1.42	5768
29	115	5527	2.04	5642
30	85	5681	1.47	5766
31	95	5491	1.70	5586
32	71	4943	1.42	5014
33	75	5032	1.47	5107
34	67	5091	1.30	5158
35	76	5100	1.47	5176
36	51	5150	0.98	5201
37	72	5541	1.28	5613
38	85	6057	1.38	6142
39	95	5596	1.67	5691
40	106	5794	1.80	5900
41	77	5091	1.49	5168
42	76	5532	1.36	5608
43	85	5127	1.63	5212
44	60	5200	1.14	5260
45	77	4809	1.58	4886
46	56	4124	1.34	4180
47	67	4195	1.57	4262
48	57	4038	1.39	4095
49	68	5055	1.33	5123
50	65	4633	1.38	4698
51	76	4838	1.55	4914
52	82	4922	1.64	5004
53	82	5010	1.61	5092
54	104	5494	1.86	5598
55	76	5495	1.36	5571
56	87	5719	1.50	5806
57	80	5328	1.48	5408
58	85	5475	1.53	5560
59	89	5087	1.72	5176
60	73	5300	1.36	5373
61	87	5107	1.68	5194
62	62	4533	1.35	4595
63	75	4693	1.57	4768
64	70	4818	1.43	4888
65	70	5116	1.35	5186
66	52	5508	0.94	5560
67	62	5725	1.07	5787
68	83	5955	1.37	6038
69	51	5651	0.89	5702
70	83	5621	1.46	5704
71	56	5186	1.07	5242
72	76	5536	1.35	5612
73	71	5390	1.30	5461
74	90	5060	1.75	5150
75	66	5126	1.27	5192
76	77	4696	1.61	4773
77	63	4606	1.35	4669
78	66	4502	1.44	4568
79	64	5137	1.23	5201
80	102	4921	2.03	5023
81	73	4970	1.45	5043
82	89	5138	1.70	5227
83	77	5375	1.41	5452
84	91	6079	1.47	6170
85	73	6002	1.20	6075
86	87	6053	1.42	6140
87	93	5586	1.64	5679
88	94	5969	1.55	6063
89	114	6109	1.83	6223
90	82	5808	1.39	5890
91	79	5792	1.35	5871
92	76	5269	1.42	5345
93	73	5422	1.33	5495
94	78	5425	1.42	5503
95	84	5494	1.51	5578
96	88	5755	1.51	5843
97	89	5849	1.50	5938
98	87	6274	1.37	6361
99	60	5541	1.07	5601
100	83	5838	1.40	5921
101	96	5898	1.60	5994
102	76	6022	1.25	6098
103	83	5486	1.49	5569
104	70	4927	1.40	4997
105	68	4920	1.36	4988
106	69	4774	1.42	4843
107	78	4898	1.57	4976
108	63	4743	1.31	4806
109	89	4859	1.80	4948
110	85	4876	1.71	4961
111	67	5245	1.26	5312
112	71	5167	1.36	5238
113	58	5226	1.10	5284
114	76	5702	1.32	5778
115	81	5527	1.44	5608
116	69	5846	1.17	5915
117	95	5714	1.64	5809
118	81	6105	1.31	6186
119	70	5992	1.15	6062
120	82	5410	1.49	5492
121	80	5133	1.53	5213
122	78	4704	1.63	4782
123	78	4635	1.65	4713
124	76	4920	1.52	4996
125	59	5290	1.10	5349
126	72	5497	1.29	5569
127	46	5089	0.90	5135
128	49	4910	0.99	4959
129	27	0	100.00	27

