CpG context
===========
position	count methylated	count unmethylated	% methylation	coverage
1	2830	1680	62.75	4510
2	3027	1501	66.85	4528
3	2924	1258	69.92	4182
4	2690	1192	69.29	3882
5	2776	1106	71.51	3882
6	2478	1180	67.74	3658
7	2458	1079	69.49	3537
8	2342	1048	69.09	3390
9	2478	993	71.39	3471
10	2523	1053	70.55	3576
11	2445	940	72.23	3385
12	2468	1017	70.82	3485
13	2378	995	70.50	3373
14	2442	1026	70.42	3468
15	2626	930	73.85	3556
16	2530	1081	70.06	3611
17	2496	989	71.62	3485
18	2706	1024	72.55	3730
19	2462	1010	70.91	3472
20	2673	1074	71.34	3747
21	2539	1019	71.36	3558
22	2607	991	72.46	3598
23	2552	1006	71.73	3558
24	2405	1085	68.91	3490
25	2424	1018	70.42	3442
26	2577	998	72.08	3575
27	2650	997	72.66	3647
28	2388	1004	70.40	3392
29	2498	1037	70.66	3535
30	2577	1032	71.40	3609
31	2467	1062	69.91	3529
32	2365	1044	69.38	3409
33	2561	1012	71.68	3573
34	2516	1055	70.46	3571
35	2530	1011	71.45	3541
36	2637	919	74.16	3556
37	2463	1015	70.82	3478
38	2501	1043	70.57	3544
39	2521	1019	71.21	3540
40	2664	972	73.27	3636
41	2413	1130	68.11	3543
42	2613	992	72.48	3605
43	2494	1032	70.73	3526
44	2523	926	73.15	3449
45	2516	1058	70.40	3574
46	2466	1049	70.16	3515
47	2426	1011	70.58	3437
48	2481	1109	69.11	3590
49	2549	1035	71.12	3584
50	2362	987	70.53	3349
51	2385	1062	69.19	3447
52	2539	1042	70.90	3581
53	2384	1103	68.37	3487
54	2455	1039	70.26	3494
55	2517	1040	70.76	3557
56	2397	1060	69.34	3457
57	2523	987	71.88	3510
58	2432	1044	69.97	3476
59	2420	1006	70.64	3426
60	2309	937	71.13	3246
61	2496	1059	70.21	3555
62	2342	981	70.48	3323
63	2554	1000	71.86	3554
64	2430	1042	69.99	3472
65	2355	1039	69.39	3394
66	2358	1032	69.56	3390
67	2391	885	72.99	3276
68	2339	1028	69.47	3367
69	2230	1058	67.82	3288
70	2386	1043	69.58	3429
71	2264	930	70.88	3194
72	2234	1118	66.65	3352
73	2446	922	72.62	3368
74	2368	1007	70.16	3375
75	2259	1055	68.17	3314
76	2314	1011	69.59	3325
77	2393	958	71.41	3351
78	2401	1007	70.45	3408
79	2236	1055	67.94	3291
80	2439	1007	70.78	3446
81	2284	1036	68.80	3320
82	2325	958	70.82	3283
83	2361	987	70.52	3348
84	2413	1056	69.56	3469
85	2304	979	70.18	3283
86	2306	1038	68.96	3344
87	2372	994	70.47	3366
88	2353	996	70.26	3349
89	2285	1024	69.05	3309
90	2372	1035	69.62	3407
91	2260	985	69.65	3245
92	2297	1082	67.98	3379
93	2241	1072	67.64	3313
94	2329	1023	69.48	3352
95	2386	1014	70.18	3400
96	2303	1042	68.85	3345
97	2360	959	71.11	3319
98	2091	1101	65.51	3192
99	2103	1164	64.37	3267
100	2011	1259	61.50	3270
101	1876	1271	59.61	3147
102	1805	1423	55.92	3228
103	1727	1350	56.13	3077
104	1604	1417	53.10	3021
105	1601	1473	52.08	3074
106	1605	1413	53.18	3018
107	1520	1481	50.65	3001
108	1420	1472	49.10	2892
109	1406	1474	48.82	2880
110	1382	1438	49.01	2820
111	1451	1405	50.81	2856
112	1315	1419	48.10	2734
113	1267	1444	46.74	2711
114	1294	1437	47.38	2731
115	1156	1548	42.75	2704
116	1212	1505	44.61	2717
117	1171	1485	44.09	2656
118	1245	1558	44.42	2803
119	1156	1574	42.34	2730
120	1063	1469	41.98	2532
121	1043	1523	40.65	2566
122	1083	1535	41.37	2618
123	1075	1483	42.03	2558
124	965	1474	39.57	2439
125	975	1466	39.94	2441
126	893	1494	37.41	2387
127	960	1465	39.59	2425
128	843	1456	36.67	2299
129	882	1436	38.05	2318
130	844	1468	36.51	2312
131	719	1403	33.88	2122
132	765	1346	36.24	2111
133	715	1448	33.06	2163
134	612	1394	30.51	2006
135	666	1323	33.48	1989
136	578	1410	29.07	1988
137	566	1331	29.84	1897
138	544	1336	28.94	1880
139	458	1241	26.96	1699
140	423	1228	25.62	1651
141	411	1085	27.47	1496
142	305	1007	23.25	1312
143	227	810	21.89	1037
144	188	594	24.04	782
145	16	205	7.24	221

CHG context
===========
position	count methylated	count unmethylated	% methylation	coverage
1	2059	12790	13.87	14849
2	1649	12790	11.42	14439
3	1204	13055	8.44	14259
4	949	13305	6.66	14254
5	766	12679	5.70	13445
6	584	12755	4.38	13339
7	458	13053	3.39	13511
8	489	13539	3.49	14028
9	490	13298	3.55	13788
10	462	13620	3.28	14082
11	469	13321	3.40	13790
12	522	13698	3.67	14220
13	472	13487	3.38	13959
14	477	13331	3.45	13808
15	471	13635	3.34	14106
16	451	13495	3.23	13946
17	504	14082	3.46	14586
18	458	13608	3.26	14066
19	466	13477	3.34	13943
20	486	13684	3.43	14170
21	505	13629	3.57	14134
22	477	13512	3.41	13989
23	440	13281	3.21	13721
24	496	13275	3.60	13771
25	492	13401	3.54	13893
26	464	13443	3.34	13907
27	463	13436	3.33	13899
28	481	13376	3.47	13857
29	456	12909	3.41	13365
30	464	13577	3.30	14041
31	478	13490	3.42	13968
32	455	13234	3.32	13689
33	501	13416	3.60	13917
34	469	13174	3.44	13643
35	434	13348	3.15	13782
36	457	13440	3.29	13897
37	477	13326	3.46	13803
38	507	13265	3.68	13772
39	481	13172	3.52	13653
40	476	13220	3.48	13696
41	501	13103	3.68	13604
42	473	13306	3.43	13779
43	412	13228	3.02	13640
44	466	12683	3.54	13149
45	417	13232	3.06	13649
46	445	13089	3.29	13534
47	470	13001	3.49	13471
48	485	12957	3.61	13442
49	489	12978	3.63	13467
50	449	13226	3.28	13675
51	400	13198	2.94	13598
52	473	12925	3.53	13398
53	464	13047	3.43	13511
54	447	12924	3.34	13371
55	464	13013	3.44	13477
56	434	13045	3.22	13479
57	394	13038	2.93	13432
58	469	13086	3.46	13555
59	475	12807	3.58	13282
60	437	12938	3.27	13375
61	468	12677	3.56	13145
62	444	13212	3.25	13656
63	433	13210	3.17	13643
64	436	13073	3.23	13509
65	399	12844	3.01	13243
66	434	12795	3.28	13229
67	505	12633	3.84	13138
68	443	13050	3.28	13493
69	451	13273	3.29	13724
70	437	12997	3.25	13434
71	483	12944	3.60	13427
72	442	12870	3.32	13312
73	429	12943	3.21	13372
74	467	12840	3.51	13307
75	440	13096	3.25	13536
76	380	12803	2.88	13183
77	514	12963	3.81	13477
78	404	12871	3.04	13275
79	464	12860	3.48	13324
80	420	12842	3.17	13262
81	411	13002	3.06	13413
82	406	12864	3.06	13270
83	466	13120	3.43	13586
84	414	13009	3.08	13423
85	439	12753	3.33	13192
86	426	12984	3.18	13410
87	432	13169	3.18	13601
88	473	12710	3.59	13183
89	418	12748	3.17	13166
90	410	12863	3.09	13273
91	418	13038	3.11	13456
92	388	12710	2.96	13098
93	419	12734	3.19	13153
94	481	12722	3.64	13203
95	414	12948	3.10	13362
96	464	12555	3.56	13019
97	398	12709	3.04	13107
98	442	12709	3.36	13151
99	367	12546	2.84	12913
100	380	12624	2.92	13004
101	350	12830	2.66	13180
102	265	12504	2.08	12769
103	287	12646	2.22	12933
104	330	12318	2.61	12648
105	318	12961	2.39	13279
106	331	12736	2.53	13067
107	246	12638	1.91	12884
108	233	12793	1.79	13026
109	293	12650	2.26	12943
110	250	12545	1.95	12795
111	268	12318	2.13	12586
112	283	12349	2.24	12632
113	237	12393	1.88	12630
114	244	12139	1.97	12383
115	238	12269	1.90	12507
116	235	12449	1.85	12684
117	247	12272	1.97	12519
118	243	12009	1.98	12252
119	208	12188	1.68	12396
120	190	12465	1.50	12655
121	178	12243	1.43	12421
122	212	11918	1.75	12130
123	213	11923	1.76	12136
124	180	12122	1.46	12302
125	172	11806	1.44	11978
126	212	11799	1.77	12011
127	188	11559	1.60	11747
128	151	11851	1.26	12002
129	183	11705	1.54	11888
130	152	11470	1.31	11622
131	174	11607	1.48	11781
132	136	11427	1.18	11563
133	130	11057	1.16	11187
134	111	11217	0.98	11328
135	121	11206	1.07	11327
136	120	10730	1.11	10850
137	135	10754	1.24	10889
138	142	10553	1.33	10695
139	105	10434	1.00	10539
140	100	10080	0.98	10180
141	89	9624	0.92	9713
142	61	8591	0.71	8652
143	20	6991	0.29	7011
144	24	7010	0.34	7034
145	5	2772	0.18	2777

CHH context
===========
position	count methylated	count unmethylated	% methylation	coverage
1	6840	26723	20.38	33563
2	5583	29378	15.97	34961
3	4368	31674	12.12	36042
4	3366	33093	9.23	36459
5	2627	33487	7.27	36114
6	2142	34199	5.89	36341
7	1898	34239	5.25	36137
8	1677	35137	4.56	36814
9	1700	34596	4.68	36296
10	1626	34899	4.45	36525
11	1691	35491	4.55	37182
12	1604	35024	4.38	36628
13	1627	35340	4.40	36967
14	1739	34872	4.75	36611
15	1645	34893	4.50	36538
16	1721	35213	4.66	36934
17	1637	35055	4.46	36692
18	1691	35176	4.59	36867
19	1666	35041	4.54	36707
20	1735	34856	4.74	36591
21	1665	35126	4.53	36791
22	1769	35325	4.77	37094
23	1734	34860	4.74	36594
24	1586	35282	4.30	36868
25	1680	35023	4.58	36703
26	1683	35113	4.57	36796
27	1636	35451	4.41	37087
28	1762	34996	4.79	36758
29	1665	35420	4.49	37085
30	1719	35128	4.67	36847
31	1695	35348	4.58	37043
32	1732	35628	4.64	37360
33	1800	35456	4.83	37256
34	1880	35518	5.03	37398
35	1765	35309	4.76	37074
36	1723	35198	4.67	36921
37	1596	35608	4.29	37204
38	1771	35141	4.80	36912
39	1709	35379	4.61	37088
40	1722	35574	4.62	37296
41	1661	35558	4.46	37219
42	1813	35547	4.85	37360
43	1719	35695	4.59	37414
44	1838	35637	4.90	37475
45	1626	36081	4.31	37707
46	1707	35710	4.56	37417
47	1744	35340	4.70	37084
48	1833	35772	4.87	37605
49	1698	36097	4.49	37795
50	1813	36473	4.74	38286
51	1645	35835	4.39	37480
52	1832	36205	4.82	38037
53	1732	36039	4.59	37771
54	1758	36076	4.65	37834
55	1689	35996	4.48	37685
56	1799	36284	4.72	38083
57	1725	36257	4.54	37982
58	1712	36309	4.50	38021
59	1744	36398	4.57	38142
60	1720	36641	4.48	38361
61	1806	36736	4.69	38542
62	1732	36687	4.51	38419
63	1844	36613	4.79	38457
64	1829	36588	4.76	38417
65	1689	36541	4.42	38230
66	1714	36496	4.49	38210
67	1728	36436	4.53	38164
68	1748	36508	4.57	38256
69	1680	36231	4.43	37911
70	1733	36271	4.56	38004
71	1595	35755	4.27	37350
72	1688	36095	4.47	37783
73	1633	36393	4.29	38026
74	1685	36008	4.47	37693
75	1749	35799	4.66	37548
76	1713	35458	4.61	37171
77	1760	35881	4.68	37641
78	1762	35998	4.67	37760
79	1702	35880	4.53	37582
80	1675	36031	4.44	37706
81	1660	36149	4.39	37809
82	1701	36159	4.49	37860
83	1704	36168	4.50	37872
84	1722	36162	4.55	37884
85	1571	36795	4.09	38366
86	1601	36217	4.23	37818
87	1564	36069	4.16	37633
88	1615	36455	4.24	38070
89	1703	36058	4.51	37761
90	1665	36388	4.38	38053
91	1553	36536	4.08	38089
92	1821	36728	4.72	38549
93	1646	37072	4.25	38718
94	1739	36944	4.50	38683
95	1685	36645	4.40	38330
96	1631	36634	4.26	38265
97	1630	37119	4.21	38749
98	1560	36943	4.05	38503
99	1485	37086	3.85	38571
100	1326	37895	3.38	39221
101	1396	37499	3.59	38895
102	1253	37597	3.23	38850
103	1301	37599	3.34	38900
104	1281	37520	3.30	38801
105	1186	37219	3.09	38405
106	1135	36888	2.99	38023
107	1151	36780	3.03	37931
108	1076	37064	2.82	38140
109	1137	36862	2.99	37999
110	1074	36648	2.85	37722
111	1092	37213	2.85	38305
112	1106	37000	2.90	38106
113	1025	36695	2.72	37720
114	1039	36639	2.76	37678
115	964	36831	2.55	37795
116	964	36773	2.55	37737
117	952	36350	2.55	37302
118	874	36053	2.37	36927
119	839	36388	2.25	37227
120	810	35964	2.20	36774
121	839	36150	2.27	36989
122	806	35713	2.21	36519
123	811	36110	2.20	36921
124	741	35572	2.04	36313
125	728	35702	2.00	36430
126	709	35734	1.95	36443
127	649	35241	1.81	35890
128	674	34920	1.89	35594
129	701	34844	1.97	35545
130	560	34289	1.61	34849
131	567	33996	1.64	34563
132	590	33963	1.71	34553
133	575	33183	1.70	33758
134	511	33195	1.52	33706
135	480	33114	1.43	33594
136	486	32368	1.48	32854
137	489	32104	1.50	32593
138	392	31811	1.22	32203
139	442	30975	1.41	31417
140	376	30179	1.23	30555
141	345	29248	1.17	29593
142	322	27767	1.15	28089
143	243	26248	0.92	26491
144	137	22978	0.59	23115
145	16	11562	0.14	11578

