CpG context
===========
position	count methylated	count unmethylated	% methylation	coverage
1	3704	1940	65.63	5644
2	3889	1640	70.34	5529
3	3529	1506	70.09	5035
4	3502	1485	70.22	4987
5	3371	1259	72.81	4630
6	3118	1309	70.43	4427
7	2964	1132	72.36	4096
8	2978	1185	71.53	4163
9	2996	1222	71.03	4218
10	2993	1132	72.56	4125
11	2993	1097	73.18	4090
12	2989	1147	72.27	4136
13	3063	1061	74.27	4124
14	2882	1150	71.48	4032
15	2978	1122	72.63	4100
16	3072	1099	73.65	4171
17	2993	1115	72.86	4108
18	2901	1174	71.19	4075
19	3038	1168	72.23	4206
20	3008	1161	72.15	4169
21	2941	1142	72.03	4083
22	2956	1166	71.71	4122
23	2938	1087	72.99	4025
24	3016	1191	71.69	4207
25	3012	1136	72.61	4148
26	3020	1167	72.13	4187
27	2989	1121	72.73	4110
28	2875	1119	71.98	3994
29	2970	1087	73.21	4057
30	3015	1165	72.13	4180
31	3080	1181	72.28	4261
32	2962	1072	73.43	4034
33	3041	1138	72.77	4179
34	2872	1147	71.46	4019
35	3021	1099	73.33	4120
36	2944	1125	72.35	4069
37	3012	1177	71.90	4189
38	3008	1182	71.79	4190
39	2924	1123	72.25	4047
40	2960	1136	72.27	4096
41	3038	1212	71.48	4250
42	2874	1166	71.14	4040
43	3030	1165	72.23	4195
44	2867	1185	70.76	4052
45	3028	1221	71.26	4249
46	2933	1170	71.48	4103
47	2897	1064	73.14	3961
48	2918	1189	71.05	4107
49	2913	1198	70.86	4111
50	2995	1102	73.10	4097
51	2882	1084	72.67	3966
52	2829	1075	72.46	3904
53	2885	1218	70.31	4103
54	2808	1103	71.80	3911
55	2839	1116	71.78	3955
56	2872	1155	71.32	4027
57	2885	1067	73.00	3952
58	2871	1191	70.68	4062
59	2784	1099	71.70	3883
60	2813	1176	70.52	3989
61	2828	1172	70.70	4000
62	2762	1230	69.19	3992
63	2730	1164	70.11	3894
64	2731	1158	70.22	3889
65	2800	1111	71.59	3911
66	2579	1106	69.99	3685
67	2850	1176	70.79	4026
68	2748	1053	72.30	3801
69	2605	1097	70.37	3702
70	2694	1062	71.73	3756
71	2749	1056	72.25	3805
72	2702	1152	70.11	3854
73	2734	1121	70.92	3855
74	2665	1122	70.37	3787
75	2809	1170	70.60	3979
76	2729	1118	70.94	3847
77	2747	1122	71.00	3869
78	2667	1163	69.63	3830
79	2680	1177	69.48	3857
80	2781	1210	69.68	3991
81	2631	1095	70.61	3726
82	2575	1154	69.05	3729
83	2719	1042	72.29	3761
84	2844	1167	70.91	4011
85	2696	1125	70.56	3821
86	2829	1159	70.94	3988
87	2802	1103	71.75	3905
88	2704	1159	70.00	3863
89	2788	1147	70.85	3935
90	2654	1254	67.91	3908
91	2685	1199	69.13	3884
92	2557	1083	70.25	3640
93	2675	1089	71.07	3764
94	2604	1067	70.93	3671
95	2609	1102	70.30	3711
96	2736	1156	70.30	3892
97	2671	1184	69.29	3855
98	2443	1246	66.22	3689
99	2404	1340	64.21	3744
100	2276	1292	63.79	3568
101	2101	1320	61.41	3421
102	2104	1470	58.87	3574
103	1942	1650	54.06	3592
104	1864	1502	55.38	3366
105	1785	1582	53.01	3367
106	1727	1608	51.78	3335
107	1584	1571	50.21	3155
108	1702	1546	52.40	3248
109	1577	1673	48.52	3250
110	1492	1594	48.35	3086
111	1568	1647	48.77	3215
112	1434	1491	49.03	2925
113	1423	1632	46.58	3055
114	1253	1551	44.69	2804
115	1298	1642	44.15	2940
116	1292	1562	45.27	2854
117	1258	1622	43.68	2880
118	1113	1597	41.07	2710
119	1072	1552	40.85	2624
120	1105	1614	40.64	2719
121	1019	1430	41.61	2449
122	1022	1536	39.95	2558
123	959	1446	39.88	2405
124	946	1568	37.63	2514
125	917	1538	37.35	2455
126	827	1520	35.24	2347
127	775	1496	34.13	2271
128	787	1460	35.02	2247
129	689	1434	32.45	2123
130	688	1527	31.06	2215
131	610	1412	30.17	2022
132	618	1410	30.47	2028
133	550	1417	27.96	1967
134	536	1382	27.95	1918
135	502	1237	28.87	1739
136	500	1288	27.96	1788
137	450	1209	27.12	1659
138	408	1138	26.39	1546
139	355	1166	23.34	1521
140	302	1030	22.67	1332
141	233	948	19.73	1181
142	208	817	20.29	1025
143	169	691	19.65	860
144	116	485	19.30	601
145	12	89	11.88	101

CHG context
===========
position	count methylated	count unmethylated	% methylation	coverage
1	2635	15546	14.49	18181
2	1792	15449	10.39	17241
3	1428	15749	8.31	17177
4	1080	16092	6.29	17172
5	777	15782	4.69	16559
6	670	15790	4.07	16460
7	623	15618	3.84	16241
8	620	16631	3.59	17251
9	614	16269	3.64	16883
10	589	16279	3.49	16868
11	638	16381	3.75	17019
12	589	15851	3.58	16440
13	545	16437	3.21	16982
14	644	16284	3.80	16928
15	551	15969	3.34	16520
16	585	16474	3.43	17059
17	549	16258	3.27	16807
18	617	16184	3.67	16801
19	513	16042	3.10	16555
20	614	15830	3.73	16444
21	644	15927	3.89	16571
22	618	16096	3.70	16714
23	595	15847	3.62	16442
24	608	15834	3.70	16442
25	644	15970	3.88	16614
26	605	15956	3.65	16561
27	654	16004	3.93	16658
28	566	15839	3.45	16405
29	703	15874	4.24	16577
30	581	15917	3.52	16498
31	609	16071	3.65	16680
32	533	15647	3.29	16180
33	584	15800	3.56	16384
34	616	15690	3.78	16306
35	629	15822	3.82	16451
36	554	15738	3.40	16292
37	568	15705	3.49	16273
38	597	15827	3.63	16424
39	583	15634	3.59	16217
40	622	15631	3.83	16253
41	536	15687	3.30	16223
42	648	15849	3.93	16497
43	651	15446	4.04	16097
44	613	15356	3.84	15969
45	595	15773	3.64	16368
46	640	15172	4.05	15812
47	603	15632	3.71	16235
48	611	15595	3.77	16206
49	577	15569	3.57	16146
50	612	15380	3.83	15992
51	555	15810	3.39	16365
52	603	15765	3.68	16368
53	544	15470	3.40	16014
54	517	15865	3.16	16382
55	575	15352	3.61	15927
56	587	15250	3.71	15837
57	614	15759	3.75	16373
58	572	15232	3.62	15804
59	572	15319	3.60	15891
60	588	15374	3.68	15962
61	577	15647	3.56	16224
62	605	15344	3.79	15949
63	611	15487	3.80	16098
64	538	15533	3.35	16071
65	599	15307	3.77	15906
66	588	15102	3.75	15690
67	646	15287	4.05	15933
68	627	15116	3.98	15743
69	535	15375	3.36	15910
70	524	15264	3.32	15788
71	521	15258	3.30	15779
72	559	14946	3.61	15505
73	509	15111	3.26	15620
74	536	15490	3.34	16026
75	542	15181	3.45	15723
76	548	15018	3.52	15566
77	515	15551	3.21	16066
78	571	15264	3.61	15835
79	525	15130	3.35	15655
80	504	15265	3.20	15769
81	592	15232	3.74	15824
82	587	15235	3.71	15822
83	556	15011	3.57	15567
84	620	15329	3.89	15949
85	645	15230	4.06	15875
86	602	15032	3.85	15634
87	575	14975	3.70	15550
88	548	15133	3.49	15681
89	529	15064	3.39	15593
90	560	14780	3.65	15340
91	496	14788	3.25	15284
92	546	15070	3.50	15616
93	555	14519	3.68	15074
94	486	14955	3.15	15441
95	543	14784	3.54	15327
96	525	14477	3.50	15002
97	555	14627	3.66	15182
98	528	15017	3.40	15545
99	534	14747	3.49	15281
100	479	14480	3.20	14959
101	427	14688	2.83	15115
102	459	14858	3.00	15317
103	400	14844	2.62	15244
104	378	14756	2.50	15134
105	340	14760	2.25	15100
106	363	14653	2.42	15016
107	329	14722	2.19	15051
108	359	14937	2.35	15296
109	312	14289	2.14	14601
110	346	14440	2.34	14786
111	319	14439	2.16	14758
112	372	14513	2.50	14885
113	303	14396	2.06	14699
114	303	14225	2.09	14528
115	277	13969	1.94	14246
116	296	13849	2.09	14145
117	196	14022	1.38	14218
118	227	13718	1.63	13945
119	257	14031	1.80	14288
120	256	13663	1.84	13919
121	216	13529	1.57	13745
122	215	13303	1.59	13518
123	189	13236	1.41	13425
124	212	13377	1.56	13589
125	167	13189	1.25	13356
126	192	12837	1.47	13029
127	180	12864	1.38	13044
128	170	12463	1.35	12633
129	172	12332	1.38	12504
130	154	12300	1.24	12454
131	152	12364	1.21	12516
132	153	12163	1.24	12316
133	155	11877	1.29	12032
134	130	11629	1.11	11759
135	123	11490	1.06	11613
136	92	11376	0.80	11468
137	108	10998	0.97	11106
138	114	10775	1.05	10889
139	105	10374	1.00	10479
140	97	10037	0.96	10134
141	61	9486	0.64	9547
142	49	8273	0.59	8322
143	21	6354	0.33	6375
144	20	6110	0.33	6130
145	10	1394	0.71	1404

CHH context
===========
position	count methylated	count unmethylated	% methylation	coverage
1	7595	31908	19.23	39503
2	6007	33962	15.03	39969
3	4745	36986	11.37	41731
4	3521	39188	8.24	42709
5	2919	40021	6.80	42940
6	2373	40802	5.50	43175
7	2136	42204	4.82	44340
8	2090	42034	4.74	44124
9	2028	42168	4.59	44196
10	1907	41947	4.35	43854
11	2018	41611	4.63	43629
12	2110	42276	4.75	44386
13	2127	42122	4.81	44249
14	2073	42034	4.70	44107
15	1957	42034	4.45	43991
16	2068	41606	4.74	43674
17	2014	42433	4.53	44447
18	2020	41883	4.60	43903
19	2135	41965	4.84	44100
20	2122	41877	4.82	43999
21	2078	42102	4.70	44180
22	2292	41940	5.18	44232
23	2196	41741	5.00	43937
24	2123	41898	4.82	44021
25	2113	41905	4.80	44018
26	2158	42540	4.83	44698
27	2023	41588	4.64	43611
28	2197	41926	4.98	44123
29	2020	41963	4.59	43983
30	2051	41869	4.67	43920
31	2267	42439	5.07	44706
32	2262	42094	5.10	44356
33	2271	42851	5.03	45122
34	2316	42497	5.17	44813
35	2128	42286	4.79	44414
36	2161	42127	4.88	44288
37	2133	42384	4.79	44517
38	2204	42249	4.96	44453
39	2077	42228	4.69	44305
40	2220	41920	5.03	44140
41	2149	42606	4.80	44755
42	2045	42372	4.60	44417
43	2264	42395	5.07	44659
44	2283	42562	5.09	44845
45	2335	42544	5.20	44879
46	2161	43061	4.78	45222
47	2116	42640	4.73	44756
48	2174	42786	4.84	44960
49	2265	42968	5.01	45233
50	2247	43215	4.94	45462
51	2315	42607	5.15	44922
52	2279	43141	5.02	45420
53	2206	43010	4.88	45216
54	2118	43003	4.69	45121
55	2242	42621	5.00	44863
56	2236	43420	4.90	45656
57	2228	43116	4.91	45344
58	2325	43652	5.06	45977
59	2242	43646	4.89	45888
60	2265	43731	4.92	45996
61	2277	43708	4.95	45985
62	2152	43865	4.68	46017
63	2242	43356	4.92	45598
64	2233	43623	4.87	45856
65	2256	43820	4.90	46076
66	2232	43774	4.85	46006
67	2152	43671	4.70	45823
68	2198	43751	4.78	45949
69	2275	43276	4.99	45551
70	2124	43525	4.65	45649
71	2066	43334	4.55	45400
72	2167	43781	4.72	45948
73	2148	42957	4.76	45105
74	2106	42929	4.68	45035
75	2177	42908	4.83	45085
76	2121	43101	4.69	45222
77	2042	42754	4.56	44796
78	2065	43374	4.54	45439
79	2141	42969	4.75	45110
80	2062	42653	4.61	44715
81	2086	43108	4.62	45194
82	2074	43365	4.56	45439
83	1951	43527	4.29	45478
84	2135	43514	4.68	45649
85	2053	43373	4.52	45426
86	2019	43177	4.47	45196
87	2103	43637	4.60	45740
88	2052	43293	4.53	45345
89	2103	43869	4.57	45972
90	2073	43217	4.58	45290
91	2108	44185	4.55	46293
92	2026	43663	4.43	45689
93	2145	44290	4.62	46435
94	2198	43491	4.81	45689
95	2104	43531	4.61	45635
96	2051	44220	4.43	46271
97	2051	44506	4.41	46557
98	2051	43889	4.46	45940
99	1859	43634	4.09	45493
100	1890	44428	4.08	46318
101	1755	44033	3.83	45788
102	1497	44478	3.26	45975
103	1606	44380	3.49	45986
104	1525	44195	3.34	45720
105	1373	44440	3.00	45813
106	1516	43820	3.34	45336
107	1356	44362	2.97	45718
108	1352	44006	2.98	45358
109	1368	43786	3.03	45154
110	1288	43730	2.86	45018
111	1318	43571	2.94	44889
112	1193	43132	2.69	44325
113	1045	43118	2.37	44163
114	1186	43172	2.67	44358
115	1068	42575	2.45	43643
116	1041	42092	2.41	43133
117	1031	42147	2.39	43178
118	992	41762	2.32	42754
119	935	41617	2.20	42552
120	878	41736	2.06	42614
121	888	41323	2.10	42211
122	873	40762	2.10	41635
123	807	40466	1.96	41273
124	830	40184	2.02	41014
125	811	40410	1.97	41221
126	795	39760	1.96	40555
127	732	39227	1.83	39959
128	670	38504	1.71	39174
129	700	38104	1.80	38804
130	636	37865	1.65	38501
131	591	36971	1.57	37562
132	577	36307	1.56	36884
133	575	36213	1.56	36788
134	513	35412	1.43	35925
135	495	34584	1.41	35079
136	449	34370	1.29	34819
137	407	33709	1.19	34116
138	390	33189	1.16	33579
139	401	32062	1.24	32463
140	321	30503	1.04	30824
141	329	29345	1.11	29674
142	226	27094	0.83	27320
143	184	24984	0.73	25168
144	86	20062	0.43	20148
145	28	6787	0.41	6815

