CpG context
===========
position	count methylated	count unmethylated	% methylation	coverage
1	409	106	79.42	515
2	180	66	73.17	246
3	187	70	72.76	257
4	161	42	79.31	203
5	181	49	78.70	230
6	190	46	80.51	236
7	125	39	76.22	164
8	149	35	80.98	184
9	225	62	78.40	287
10	264	53	83.28	317
11	291	62	82.44	353
12	218	51	81.04	269
13	380	66	85.20	446
14	190	27	87.56	217
15	204	36	85.00	240
16	173	39	81.60	212
17	220	37	85.60	257
18	240	50	82.76	290
19	198	38	83.90	236
20	195	38	83.69	233
21	186	45	80.52	231
22	203	42	82.86	245
23	154	41	78.97	195
24	148	35	80.87	183
25	237	73	76.45	310
26	168	42	80.00	210
27	219	39	84.88	258
28	298	45	86.88	343
29	337	62	84.46	399
30	188	44	81.03	232
31	297	57	83.90	354
32	218	38	85.16	256
33	218	54	80.15	272
34	186	52	78.15	238
35	200	36	84.75	236
36	201	45	81.71	246
37	241	37	86.69	278
38	306	48	86.44	354
39	276	31	89.90	307
40	361	60	85.75	421
41	283	45	86.28	328
42	233	31	88.26	264
43	348	43	89.00	391
44	233	51	82.04	284
45	201	36	84.81	237
46	211	42	83.40	253
47	204	38	84.30	242
48	175	40	81.40	215
49	240	37	86.64	277
50	198	55	78.26	253
51	254	32	88.81	286
52	334	58	85.20	392
53	231	39	85.56	270
54	257	60	81.07	317
55	284	59	82.80	343
56	414	83	83.30	497
57	321	68	82.52	389
58	249	43	85.27	292
59	323	71	81.98	394
60	242	65	78.83	307
61	303	61	83.24	364
62	169	51	76.82	220
63	200	38	84.03	238
64	125	38	76.69	163
65	154	40	79.38	194
66	195	28	87.44	223
67	289	38	88.38	327
68	316	52	85.87	368
69	275	64	81.12	339
70	222	45	83.15	267
71	389	50	88.61	439
72	301	46	86.74	347
73	196	30	86.73	226
74	151	25	85.80	176
75	148	36	80.43	184
76	103	32	76.30	135
77	145	30	82.86	175
78	150	26	85.23	176
79	152	26	85.39	178
80	136	34	80.00	170
81	145	30	82.86	175
82	234	46	83.57	280
83	296	62	82.68	358
84	424	69	86.00	493
85	350	53	86.85	403
86	277	52	84.19	329
87	269	52	83.80	321
88	252	58	81.29	310
89	333	52	86.49	385
90	207	46	81.82	253
91	172	35	83.09	207
92	150	45	76.92	195
93	166	28	85.57	194
94	188	28	87.04	216
95	215	48	81.75	263
96	330	70	82.50	400
97	290	58	83.33	348
98	328	59	84.75	387
99	262	46	85.06	308
100	260	37	87.54	297
101	245	58	80.86	303
102	184	28	86.79	212
103	154	34	81.91	188
104	141	37	79.21	178
105	153	42	78.46	195
106	138	26	84.15	164
107	155	41	79.08	196
108	129	29	81.65	158
109	218	53	80.44	271
110	234	48	82.98	282
111	240	40	85.71	280
112	254	37	87.29	291
113	261	59	81.56	320
114	240	59	80.27	299
115	194	40	82.91	234
116	250	64	79.62	314
117	204	46	81.60	250
118	165	39	80.88	204
119	221	46	82.77	267
120	168	48	77.78	216
121	223	52	81.09	275
122	146	44	76.84	190
123	157	46	77.34	203
124	171	39	81.43	210
125	248	46	84.35	294
126	170	33	83.74	203
127	155	30	83.78	185
128	135	46	74.59	181
129	147	0	100.00	147

CHG context
===========
position	count methylated	count unmethylated	% methylation	coverage
1	13	706	1.81	719
2	4	605	0.66	609
3	8	766	1.03	774
4	6	730	0.82	736
5	7	628	1.10	635
6	6	528	1.12	534
7	5	558	0.89	563
8	5	563	0.88	568
9	0	527	0.00	527
10	6	552	1.08	558
11	8	604	1.31	612
12	7	577	1.20	584
13	7	539	1.28	546
14	4	583	0.68	587
15	12	551	2.13	563
16	4	566	0.70	570
17	8	577	1.37	585
18	10	795	1.24	805
19	8	868	0.91	876
20	9	815	1.09	824
21	6	823	0.72	829
22	12	970	1.22	982
23	15	859	1.72	874
24	13	813	1.57	826
25	5	632	0.78	637
26	5	639	0.78	644
27	7	625	1.11	632
28	16	873	1.80	889
29	9	733	1.21	742
30	10	721	1.37	731
31	15	632	2.32	647
32	7	766	0.91	773
33	9	816	1.09	825
34	8	690	1.15	698
35	6	593	1.00	599
36	4	553	0.72	557
37	4	503	0.79	507
38	5	482	1.03	487
39	5	482	1.03	487
40	5	488	1.01	493
41	5	551	0.90	556
42	12	589	2.00	601
43	9	597	1.49	606
44	6	607	0.98	613
45	5	643	0.77	648
46	12	653	1.80	665
47	8	808	0.98	816
48	6	780	0.76	786
49	8	761	1.04	769
50	15	751	1.96	766
51	7	702	0.99	709
52	11	775	1.40	786
53	6	611	0.97	617
54	11	696	1.56	707
55	3	628	0.48	631
56	6	702	0.85	708
57	10	855	1.16	865
58	16	682	2.29	698
59	6	691	0.86	697
60	4	669	0.59	673
61	10	783	1.26	793
62	12	847	1.40	859
63	11	689	1.57	700
64	5	570	0.87	575
65	4	514	0.77	518
66	8	479	1.64	487
67	6	523	1.13	529
68	2	482	0.41	484
69	6	547	1.08	553
70	10	579	1.70	589
71	7	572	1.21	579
72	13	607	2.10	620
73	8	563	1.40	571
74	8	554	1.42	562
75	11	564	1.91	575
76	6	677	0.88	683
77	5	589	0.84	594
78	6	645	0.92	651
79	8	707	1.12	715
80	10	720	1.37	730
81	6	744	0.80	750
82	8	779	1.02	787
83	4	611	0.65	615
84	7	566	1.22	573
85	6	584	1.02	590
86	12	649	1.82	661
87	7	624	1.11	631
88	9	637	1.39	646
89	5	511	0.97	516
90	10	531	1.85	541
91	10	556	1.77	566
92	8	585	1.35	593
93	7	595	1.16	602
94	6	555	1.07	561
95	4	509	0.78	513
96	2	498	0.40	500
97	7	499	1.38	506
98	8	547	1.44	555
99	3	573	0.52	576
100	10	659	1.49	669
101	8	611	1.29	619
102	10	528	1.86	538
103	4	536	0.74	540
104	6	608	0.98	614
105	8	656	1.20	664
106	11	748	1.45	759
107	16	735	2.13	751
108	8	749	1.06	757
109	5	757	0.66	762
110	11	787	1.38	798
111	6	718	0.83	724
112	12	694	1.70	706
113	9	647	1.37	656
114	5	532	0.93	537
115	3	610	0.49	613
116	6	544	1.09	550
117	6	515	1.15	521
118	6	473	1.25	479
119	7	602	1.15	609
120	10	624	1.58	634
121	9	583	1.52	592
122	11	596	1.81	607
123	10	499	1.96	509
124	8	492	1.60	500
125	5	500	0.99	505
126	5	506	0.98	511
127	6	456	1.30	462
128	2	449	0.44	451
129	2	0	100.00	2

CHH context
===========
position	count methylated	count unmethylated	% methylation	coverage
1	26	2745	0.94	2771
2	21	2593	0.80	2614
3	35	2809	1.23	2844
4	39	2642	1.45	2681
5	32	2679	1.18	2711
6	35	2848	1.21	2883
7	58	2864	1.98	2922
8	51	2850	1.76	2901
9	34	2682	1.25	2716
10	33	2948	1.11	2981
11	41	2735	1.48	2776
12	37	2945	1.24	2982
13	43	2870	1.48	2913
14	35	2491	1.39	2526
15	24	2619	0.91	2643
16	40	2339	1.68	2379
17	37	2235	1.63	2272
18	43	2245	1.88	2288
19	54	2331	2.26	2385
20	60	2278	2.57	2338
21	22	2364	0.92	2386
22	38	2494	1.50	2532
23	44	2618	1.65	2662
24	81	2699	2.91	2780
25	48	2633	1.79	2681
26	34	2598	1.29	2632
27	42	2799	1.48	2841
28	39	2897	1.33	2936
29	32	2824	1.12	2856
30	36	2871	1.24	2907
31	37	2747	1.33	2784
32	37	2608	1.40	2645
33	34	2492	1.35	2526
34	39	3001	1.28	3040
35	44	2973	1.46	3017
36	50	3178	1.55	3228
37	37	3123	1.17	3160
38	78	3097	2.46	3175
39	53	2699	1.93	2752
40	38	2957	1.27	2995
41	39	2723	1.41	2762
42	35	2787	1.24	2822
43	45	2515	1.76	2560
44	23	2450	0.93	2473
45	37	2473	1.47	2510
46	28	2248	1.23	2276
47	34	2179	1.54	2213
48	26	2248	1.14	2274
49	35	2367	1.46	2402
50	35	2441	1.41	2476
51	38	2548	1.47	2586
52	33	2586	1.26	2619
53	48	2526	1.86	2574
54	32	2581	1.22	2613
55	29	2687	1.07	2716
56	30	2842	1.04	2872
57	48	2694	1.75	2742
58	36	2803	1.27	2839
59	34	2548	1.32	2582
60	38	2561	1.46	2599
61	27	2637	1.01	2664
62	33	2654	1.23	2687
63	39	2805	1.37	2844
64	38	2837	1.32	2875
65	34	2866	1.17	2900
66	28	2717	1.02	2745
67	40	2566	1.53	2606
68	49	2930	1.64	2979
69	36	2834	1.25	2870
70	23	2763	0.83	2786
71	31	2714	1.13	2745
72	20	2454	0.81	2474
73	39	2573	1.49	2612
74	40	2402	1.64	2442
75	38	2379	1.57	2417
76	33	2359	1.38	2392
77	29	2370	1.21	2399
78	38	2429	1.54	2467
79	35	2593	1.33	2628
80	39	2745	1.40	2784
81	32	2613	1.21	2645
82	45	2611	1.69	2656
83	38	2580	1.45	2618
84	35	2691	1.28	2726
85	38	2936	1.28	2974
86	33	2840	1.15	2873
87	42	2615	1.58	2657
88	43	2740	1.55	2783
89	47	2838	1.63	2885
90	43	2780	1.52	2823
91	46	2988	1.52	3034
92	36	2981	1.19	3017
93	34	2868	1.17	2902
94	39	2971	1.30	3010
95	35	2864	1.21	2899
96	47	3000	1.54	3047
97	34	2935	1.15	2969
98	59	3186	1.82	3245
99	40	3026	1.30	3066
100	40	2979	1.32	3019
101	39	2702	1.42	2741
102	38	2776	1.35	2814
103	45	2690	1.65	2735
104	40	2315	1.70	2355
105	37	2315	1.57	2352
106	46	2201	2.05	2247
107	36	2319	1.53	2355
108	38	2346	1.59	2384
109	27	2371	1.13	2398
110	37	2380	1.53	2417
111	33	2594	1.26	2627
112	31	2800	1.10	2831
113	42	3056	1.36	3098
114	41	2905	1.39	2946
115	25	3030	0.82	3055
116	42	2904	1.43	2946
117	32	2908	1.09	2940
118	41	2843	1.42	2884
119	42	2725	1.52	2767
120	36	2554	1.39	2590
121	37	2627	1.39	2664
122	39	2391	1.60	2430
123	27	2472	1.08	2499
124	37	2435	1.50	2472
125	36	2610	1.36	2646
126	22	2749	0.79	2771
127	21	2688	0.78	2709
128	16	2601	0.61	2617
129	16	0	100.00	16

