CpG context
===========
position	count methylated	count unmethylated	% methylation	coverage
1	3892	2507	60.82	6399
2	4183	1748	70.53	5931
3	4161	1551	72.85	5712
4	4063	1333	75.30	5396
5	4213	1268	76.87	5481
6	4028	1181	77.33	5209
7	4086	1083	79.05	5169
8	3970	989	80.06	4959
9	3886	1064	78.51	4950
10	4086	1050	79.56	5136
11	4074	1017	80.02	5091
12	3982	1008	79.80	4990
13	4030	1050	79.33	5080
14	4030	947	80.97	4977
15	4050	1074	79.04	5124
16	4062	1005	80.17	5067
17	3889	1001	79.53	4890
18	3947	1034	79.24	4981
19	3885	953	80.30	4838
20	3983	1036	79.36	5019
21	3988	1036	79.38	5024
22	3960	1029	79.37	4989
23	3984	985	80.18	4969
24	4005	1011	79.84	5016
25	4037	1044	79.45	5081
26	4048	1000	80.19	5048
27	3925	1002	79.66	4927
28	3818	949	80.09	4767
29	3855	1020	79.08	4875
30	4153	1015	80.36	5168
31	3977	992	80.04	4969
32	3856	965	79.98	4821
33	3923	973	80.13	4896
34	3826	996	79.34	4822
35	4099	1000	80.39	5099
36	3890	966	80.11	4856
37	3847	1016	79.11	4863
38	3898	965	80.16	4863
39	3915	1036	79.07	4951
40	3798	971	79.64	4769
41	3999	986	80.22	4985
42	4006	1011	79.85	5017
43	3822	1033	78.72	4855
44	4040	985	80.40	5025
45	3864	1042	78.76	4906
46	3869	955	80.20	4824
47	3875	1016	79.23	4891
48	3882	1032	79.00	4914
49	3897	973	80.02	4870
50	3786	985	79.35	4771
51	3721	913	80.30	4634
52	3862	973	79.88	4835
53	3810	977	79.59	4787
54	3852	1003	79.34	4855
55	3942	936	80.81	4878
56	3825	1030	78.78	4855
57	3951	1000	79.80	4951
58	3718	936	79.89	4654
59	3644	1026	78.03	4670
60	3779	919	80.44	4698
61	3742	1017	78.63	4759
62	3696	985	78.96	4681
63	3767	1012	78.82	4779
64	3669	965	79.18	4634
65	3630	896	80.20	4526
66	3615	996	78.40	4611
67	3545	959	78.71	4504
68	3592	929	79.45	4521
69	3674	897	80.38	4571
70	3711	989	78.96	4700
71	3575	987	78.36	4562
72	3577	932	79.33	4509
73	3490	976	78.15	4466
74	3596	893	80.11	4489
75	3661	939	79.59	4600
76	3565	967	78.66	4532
77	3566	918	79.53	4484
78	3625	1015	78.12	4640
79	3485	969	78.24	4454
80	3527	999	77.93	4526
81	3493	980	78.09	4473
82	3621	934	79.50	4555
83	3692	911	80.21	4603
84	3561	905	79.74	4466
85	3670	916	80.03	4586
86	3667	929	79.79	4596
87	3683	899	80.38	4582
88	3633	887	80.38	4520
89	3731	952	79.67	4683
90	3736	913	80.36	4649
91	3655	906	80.14	4561
92	3524	956	78.66	4480
93	3540	905	79.64	4445
94	3414	942	78.37	4356
95	3608	905	79.95	4513
96	3553	922	79.40	4475
97	3523	909	79.49	4432
98	3496	891	79.69	4387
99	3703	863	81.10	4566
100	3452	917	79.01	4369
101	3364	862	79.60	4226
102	3409	839	80.25	4248
103	3427	890	79.38	4317
104	3379	839	80.11	4218
105	3412	871	79.66	4283
106	3419	808	80.88	4227
107	3315	883	78.97	4198
108	3424	837	80.36	4261
109	3244	897	78.34	4141
110	3322	810	80.40	4132
111	3188	814	79.66	4002
112	3387	877	79.43	4264
113	3326	827	80.09	4153
114	3232	840	79.37	4072
115	3382	814	80.60	4196
116	3240	887	78.51	4127
117	3336	854	79.62	4190
118	3387	807	80.76	4194
119	3293	888	78.76	4181
120	3195	814	79.70	4009
121	3131	808	79.49	3939
122	3276	844	79.51	4120
123	3093	777	79.92	3870
124	3249	889	78.52	4138
125	3237	785	80.48	4022
126	3256	796	80.36	4052
127	3125	792	79.78	3917
128	3103	843	78.64	3946
129	3151	839	78.97	3990
130	3225	788	80.36	4013
131	3159	741	81.00	3900
132	3229	762	80.91	3991
133	3120	825	79.09	3945
134	3248	832	79.61	4080
135	3071	787	79.60	3858
136	3181	813	79.64	3994
137	3016	776	79.54	3792
138	3070	769	79.97	3839
139	2980	747	79.96	3727
140	2921	720	80.23	3641
141	3020	702	81.14	3722
142	2785	717	79.53	3502
143	2782	717	79.51	3499
144	2765	653	80.90	3418
145	1971	446	81.55	2417

CHG context
===========
position	count methylated	count unmethylated	% methylation	coverage
1	2210	21993	9.13	24203
2	1398	21715	6.05	23113
3	1041	22095	4.50	23136
4	719	22476	3.10	23195
5	598	22100	2.63	22698
6	467	21801	2.10	22268
7	501	21465	2.28	21966
8	495	21753	2.22	22248
9	518	21741	2.33	22259
10	525	22336	2.30	22861
11	516	21783	2.31	22299
12	511	22118	2.26	22629
13	496	22312	2.17	22808
14	578	22283	2.53	22861
15	548	22347	2.39	22895
16	593	21966	2.63	22559
17	530	22599	2.29	23129
18	563	22029	2.49	22592
19	517	21973	2.30	22490
20	521	21781	2.34	22302
21	555	21887	2.47	22442
22	581	22054	2.57	22635
23	549	21948	2.44	22497
24	559	22050	2.47	22609
25	578	21739	2.59	22317
26	520	21733	2.34	22253
27	611	21965	2.71	22576
28	497	21975	2.21	22472
29	495	21888	2.21	22383
30	559	21227	2.57	21786
31	600	21947	2.66	22547
32	546	21518	2.47	22064
33	566	21442	2.57	22008
34	536	22108	2.37	22644
35	537	21377	2.45	21914
36	562	21642	2.53	22204
37	548	21328	2.51	21876
38	531	21593	2.40	22124
39	506	21331	2.32	21837
40	569	21342	2.60	21911
41	559	21291	2.56	21850
42	548	21256	2.51	21804
43	591	21423	2.68	22014
44	557	21244	2.55	21801
45	566	20986	2.63	21552
46	604	20917	2.81	21521
47	551	21371	2.51	21922
48	585	20908	2.72	21493
49	546	21341	2.49	21887
50	585	21234	2.68	21819
51	538	20897	2.51	21435
52	594	21138	2.73	21732
53	567	20734	2.66	21301
54	599	20813	2.80	21412
55	580	20799	2.71	21379
56	616	20986	2.85	21602
57	573	20618	2.70	21191
58	550	20906	2.56	21456
59	550	21045	2.55	21595
60	575	20811	2.69	21386
61	570	20741	2.67	21311
62	578	20984	2.68	21562
63	562	20731	2.64	21293
64	562	20678	2.65	21240
65	542	20509	2.57	21051
66	619	20637	2.91	21256
67	526	20577	2.49	21103
68	548	20611	2.59	21159
69	558	20806	2.61	21364
70	576	20428	2.74	21004
71	524	20435	2.50	20959
72	551	20426	2.63	20977
73	555	20594	2.62	21149
74	599	20537	2.83	21136
75	576	20492	2.73	21068
76	508	20680	2.40	21188
77	543	20414	2.59	20957
78	508	20648	2.40	21156
79	555	20365	2.65	20920
80	556	20677	2.62	21233
81	509	20738	2.40	21247
82	527	20612	2.49	21139
83	603	20574	2.85	21177
84	538	19985	2.62	20523
85	571	20433	2.72	21004
86	499	20264	2.40	20763
87	504	19993	2.46	20497
88	548	20266	2.63	20814
89	603	20110	2.91	20713
90	562	19873	2.75	20435
91	534	19878	2.62	20412
92	573	19352	2.88	19925
93	541	19592	2.69	20133
94	535	19645	2.65	20180
95	556	19700	2.74	20256
96	534	19670	2.64	20204
97	592	19435	2.96	20027
98	610	19439	3.04	20049
99	598	19079	3.04	19677
100	529	19543	2.64	20072
101	576	19308	2.90	19884
102	577	19092	2.93	19669
103	580	18789	2.99	19369
104	550	19286	2.77	19836
105	556	19302	2.80	19858
106	572	19472	2.85	20044
107	598	18724	3.09	19322
108	557	19018	2.85	19575
109	620	18743	3.20	19363
110	585	18773	3.02	19358
111	536	18444	2.82	18980
112	608	18553	3.17	19161
113	567	18263	3.01	18830
114	553	18414	2.92	18967
115	572	18334	3.03	18906
116	606	18449	3.18	19055
117	593	18188	3.16	18781
118	554	18203	2.95	18757
119	563	18242	2.99	18805
120	636	17867	3.44	18503
121	575	18236	3.06	18811
122	580	17713	3.17	18293
123	559	17501	3.10	18060
124	558	17553	3.08	18111
125	579	17645	3.18	18224
126	548	17880	2.97	18428
127	551	17686	3.02	18237
128	573	17495	3.17	18068
129	558	17536	3.08	18094
130	559	17411	3.11	17970
131	586	17229	3.29	17815
132	629	17337	3.50	17966
133	565	17231	3.17	17796
134	575	17050	3.26	17625
135	628	17089	3.54	17717
136	567	17037	3.22	17604
137	579	16690	3.35	17269
138	560	16592	3.26	17152
139	532	16641	3.10	17173
140	555	16240	3.30	16795
141	525	16186	3.14	16711
142	534	15619	3.31	16153
143	445	13666	3.15	14111
144	393	13921	2.75	14314
145	229	12140	1.85	12369

CHH context
===========
position	count methylated	count unmethylated	% methylation	coverage
1	5994	53052	10.15	59046
2	4578	56563	7.49	61141
3	3687	60068	5.78	63755
4	2636	62069	4.07	64705
5	2332	62090	3.62	64422
6	2183	63233	3.34	65416
7	1987	63935	3.01	65922
8	2028	64935	3.03	66963
9	1989	65613	2.94	67602
10	2059	65343	3.05	67402
11	2011	65696	2.97	67707
12	2077	66229	3.04	68306
13	2153	66745	3.12	68898
14	2066	65985	3.04	68051
15	2096	65661	3.09	67757
16	2038	66544	2.97	68582
17	2104	66110	3.08	68214
18	2094	66362	3.06	68456
19	2068	65377	3.07	67445
20	2137	65813	3.14	67950
21	2035	66413	2.97	68448
22	2066	66353	3.02	68419
23	2088	66332	3.05	68420
24	2078	67238	3.00	69316
25	2082	66431	3.04	68513
26	2143	66795	3.11	68938
27	2035	66610	2.96	68645
28	2068	66896	3.00	68964
29	2061	66328	3.01	68389
30	2092	66561	3.05	68653
31	2045	67258	2.95	69303
32	2183	66897	3.16	69080
33	2034	67528	2.92	69562
34	2144	67138	3.09	69282
35	2116	67094	3.06	69210
36	2047	67216	2.96	69263
37	2182	66750	3.17	68932
38	2131	67343	3.07	69474
39	2094	67266	3.02	69360
40	2117	67315	3.05	69432
41	2166	67426	3.11	69592
42	2119	67499	3.04	69618
43	2045	67189	2.95	69234
44	2156	67222	3.11	69378
45	2187	67593	3.13	69780
46	2095	67410	3.01	69505
47	2127	67194	3.07	69321
48	2169	67723	3.10	69892
49	2194	68024	3.12	70218
50	2199	68217	3.12	70416
51	2087	68075	2.97	70162
52	2115	67822	3.02	69937
53	2233	68306	3.17	70539
54	2179	68594	3.08	70773
55	2163	68508	3.06	70671
56	2202	68411	3.12	70613
57	2110	68828	2.97	70938
58	2119	68713	2.99	70832
59	2184	69276	3.06	71460
60	2040	69451	2.85	71491
61	2169	69282	3.04	71451
62	2122	68572	3.00	70694
63	2100	68385	2.98	70485
64	2063	68942	2.91	71005
65	2082	69068	2.93	71150
66	1987	69331	2.79	71318
67	2073	69140	2.91	71213
68	2099	69185	2.94	71284
69	2133	68073	3.04	70206
70	1998	68505	2.83	70503
71	1999	68068	2.85	70067
72	1977	67992	2.83	69969
73	2066	67567	2.97	69633
74	2027	67754	2.90	69781
75	2107	66684	3.06	68791
76	2047	67082	2.96	69129
77	2115	66940	3.06	69055
78	2057	67186	2.97	69243
79	1983	67779	2.84	69762
80	2125	67107	3.07	69232
81	2087	67310	3.01	69397
82	2189	67246	3.15	69435
83	2077	67456	2.99	69533
84	2051	67543	2.95	69594
85	2043	66934	2.96	68977
86	2113	66937	3.06	69050
87	2082	66827	3.02	68909
88	2124	66781	3.08	68905
89	2017	66866	2.93	68883
90	2088	66714	3.03	68802
91	2067	66593	3.01	68660
92	2080	66930	3.01	69010
93	2183	67386	3.14	69569
94	2053	66756	2.98	68809
95	2128	66876	3.08	69004
96	2022	66812	2.94	68834
97	2010	66358	2.94	68368
98	2074	66483	3.03	68557
99	2085	66881	3.02	68966
100	2149	66329	3.14	68478
101	2173	66050	3.19	68223
102	2129	66123	3.12	68252
103	2108	66455	3.07	68563
104	2128	65880	3.13	68008
105	2061	66103	3.02	68164
106	2141	65678	3.16	67819
107	2083	65403	3.09	67486
108	2050	64954	3.06	67004
109	2108	65364	3.12	67472
110	2044	64778	3.06	66822
111	2117	64427	3.18	66544
112	2115	63906	3.20	66021
113	2058	64245	3.10	66303
114	2098	63956	3.18	66054
115	2144	64190	3.23	66334
116	1986	63968	3.01	65954
117	2085	63863	3.16	65948
118	2119	63341	3.24	65460
119	2083	63028	3.20	65111
120	2082	63001	3.20	65083
121	2162	62600	3.34	64762
122	2102	63287	3.21	65389
123	2160	63526	3.29	65686
124	2194	62993	3.37	65187
125	2200	63150	3.37	65350
126	2259	63175	3.45	65434
127	2232	63048	3.42	65280
128	2136	62659	3.30	64795
129	2139	63034	3.28	65173
130	2128	62082	3.31	64210
131	2129	61652	3.34	63781
132	2140	61808	3.35	63948
133	2074	61716	3.25	63790
134	2098	61088	3.32	63186
135	2101	61377	3.31	63478
136	2093	61330	3.30	63423
137	2147	60878	3.41	63025
138	2108	60751	3.35	62859
139	2066	60071	3.32	62137
140	1934	59606	3.14	61540
141	1932	59322	3.15	61254
142	1915	58620	3.16	60535
143	1774	57827	2.98	59601
144	1622	55352	2.85	56974
145	1055	48372	2.13	49427

