CpG context
===========
position	count methylated	count unmethylated	% methylation	coverage
1	5579	3202	63.53	8781
2	5673	2603	68.55	8276
3	5441	2230	70.93	7671
4	5281	2086	71.68	7367
5	5281	1931	73.23	7212
6	4841	1832	72.55	6673
7	4906	1680	74.49	6586
8	4733	1735	73.18	6468
9	4865	1638	74.81	6503
10	4830	1751	73.39	6581
11	4627	1836	71.59	6463
12	4660	1773	72.44	6433
13	4658	1736	72.85	6394
14	4663	1703	73.25	6366
15	4621	1817	71.78	6438
16	4738	1798	72.49	6536
17	4816	1747	73.38	6563
18	4628	1650	73.72	6278
19	4566	1787	71.87	6353
20	4605	1670	73.39	6275
21	4591	1732	72.61	6323
22	4640	1625	74.06	6265
23	4666	1708	73.20	6374
24	4517	1657	73.16	6174
25	4614	1691	73.18	6305
26	4621	1655	73.63	6276
27	4511	1698	72.65	6209
28	4659	1758	72.60	6417
29	4573	1693	72.98	6266
30	4614	1721	72.83	6335
31	4710	1733	73.10	6443
32	4672	1687	73.47	6359
33	4708	1777	72.60	6485
34	4728	1771	72.75	6499
35	4734	1599	74.75	6333
36	4755	1770	72.87	6525
37	4758	1701	73.66	6459
38	4561	1623	73.75	6184
39	4584	1711	72.82	6295
40	4577	1810	71.66	6387
41	4662	1740	72.82	6402
42	4600	1724	72.74	6324
43	4737	1660	74.05	6397
44	4638	1633	73.96	6271
45	4579	1711	72.80	6290
46	4586	1589	74.27	6175
47	4495	1681	72.78	6176
48	4673	1626	74.19	6299
49	4686	1627	74.23	6313
50	4638	1769	72.39	6407
51	4579	1749	72.36	6328
52	4543	1652	73.33	6195
53	4692	1682	73.61	6374
54	4585	1670	73.30	6255
55	4389	1746	71.54	6135
56	4519	1704	72.62	6223
57	4570	1630	73.71	6200
58	4605	1674	73.34	6279
59	4519	1708	72.57	6227
60	4464	1747	71.87	6211
61	4363	1606	73.09	5969
62	4468	1699	72.45	6167
63	4631	1690	73.26	6321
64	4432	1645	72.93	6077
65	4430	1661	72.73	6091
66	4412	1652	72.76	6064
67	4259	1630	72.32	5889
68	4418	1706	72.14	6124
69	4331	1785	70.81	6116
70	4343	1628	72.73	5971
71	4298	1708	71.56	6006
72	4300	1552	73.48	5852
73	4409	1696	72.22	6105
74	4257	1733	71.07	5990
75	4283	1671	71.93	5954
76	4457	1706	72.32	6163
77	4455	1672	72.71	6127
78	4489	1719	72.31	6208
79	4435	1566	73.90	6001
80	4228	1696	71.37	5924
81	4474	1567	74.06	6041
82	4506	1577	74.08	6083
83	4122	1716	70.61	5838
84	4361	1728	71.62	6089
85	4381	1623	72.97	6004
86	4191	1598	72.40	5789
87	4332	1739	71.36	6071
88	4466	1617	73.42	6083
89	4530	1697	72.75	6227
90	4336	1679	72.09	6015
91	4309	1617	72.71	5926
92	4314	1747	71.18	6061
93	4191	1699	71.15	5890
94	4311	1674	72.03	5985
95	4444	1732	71.96	6176
96	4463	1574	73.93	6037
97	4384	1597	73.30	5981
98	4332	1548	73.67	5880
99	4292	1671	71.98	5963
100	4358	1630	72.78	5988
101	4269	1604	72.69	5873
102	4356	1623	72.85	5979
103	4319	1691	71.86	6010
104	4359	1776	71.05	6135
105	4305	1592	73.00	5897
106	4211	1661	71.71	5872
107	4180	1592	72.42	5772
108	4174	1659	71.56	5833
109	4143	1488	73.57	5631
110	4030	1662	70.80	5692
111	3985	1635	70.91	5620
112	4212	1754	70.60	5966
113	3861	1745	68.87	5606
114	3836	1670	69.67	5506
115	3905	1728	69.32	5633
116	3802	1620	70.12	5422
117	3846	1757	68.64	5603
118	3780	1781	67.97	5561
119	3872	1815	68.09	5687
120	3758	1706	68.78	5464
121	3731	1742	68.17	5473
122	3629	1766	67.27	5395
123	3625	1672	68.43	5297
124	3535	1654	68.12	5189
125	3440	1693	67.02	5133
126	3548	1639	68.40	5187
127	3620	1778	67.06	5398
128	3674	1655	68.94	5329
129	3594	1758	67.15	5352
130	3265	1597	67.15	4862
131	3356	1645	67.11	5001
132	3353	1763	65.54	5116
133	3326	1704	66.12	5030
134	3414	1660	67.28	5074
135	3231	1764	64.68	4995
136	3142	1663	65.39	4805
137	3112	1622	65.74	4734
138	2913	1747	62.51	4660
139	2964	1757	62.78	4721
140	2874	1554	64.91	4428
141	2874	1526	65.32	4400
142	2691	1529	63.77	4220
143	2599	1480	63.72	4079
144	2437	1287	65.44	3724
145	1711	763	69.16	2474

CHG context
===========
position	count methylated	count unmethylated	% methylation	coverage
1	3435	24847	12.15	28282
2	2558	24803	9.35	27361
3	1774	25000	6.63	26774
4	1298	25310	4.88	26608
5	976	24568	3.82	25544
6	929	24404	3.67	25333
7	794	25323	3.04	26117
8	763	25937	2.86	26700
9	735	25280	2.83	26015
10	761	25487	2.90	26248
11	818	25227	3.14	26045
12	741	24992	2.88	25733
13	766	24829	2.99	25595
14	759	25260	2.92	26019
15	789	25408	3.01	26197
16	774	25409	2.96	26183
17	770	25212	2.96	25982
18	750	25122	2.90	25872
19	811	24501	3.20	25312
20	820	25238	3.15	26058
21	811	24788	3.17	25599
22	858	24843	3.34	25701
23	769	24606	3.03	25375
24	854	24794	3.33	25648
25	790	24581	3.11	25371
26	721	24547	2.85	25268
27	776	24435	3.08	25211
28	786	24631	3.09	25417
29	812	24502	3.21	25314
30	838	24727	3.28	25565
31	820	24506	3.24	25326
32	821	24577	3.23	25398
33	830	24624	3.26	25454
34	770	24603	3.03	25373
35	847	24827	3.30	25674
36	817	24569	3.22	25386
37	828	24390	3.28	25218
38	782	24586	3.08	25368
39	834	24529	3.29	25363
40	841	24538	3.31	25379
41	792	24138	3.18	24930
42	879	24559	3.46	25438
43	906	24410	3.58	25316
44	781	24145	3.13	24926
45	767	24181	3.07	24948
46	749	24079	3.02	24828
47	717	24452	2.85	25169
48	757	24287	3.02	25044
49	777	24168	3.11	24945
50	780	25002	3.03	25782
51	788	24364	3.13	25152
52	833	24093	3.34	24926
53	855	24071	3.43	24926
54	751	24019	3.03	24770
55	843	24147	3.37	24990
56	803	23999	3.24	24802
57	806	24001	3.25	24807
58	810	23873	3.28	24683
59	801	23966	3.23	24767
60	784	23977	3.17	24761
61	712	24075	2.87	24787
62	832	24439	3.29	25271
63	832	24230	3.32	25062
64	818	23880	3.31	24698
65	781	23782	3.18	24563
66	778	24332	3.10	25110
67	773	24215	3.09	24988
68	822	23740	3.35	24562
69	853	23968	3.44	24821
70	753	23856	3.06	24609
71	730	23314	3.04	24044
72	815	24406	3.23	25221
73	825	24070	3.31	24895
74	746	23489	3.08	24235
75	705	23758	2.88	24463
76	778	24347	3.10	25125
77	727	24185	2.92	24912
78	743	23845	3.02	24588
79	700	24251	2.81	24951
80	800	23898	3.24	24698
81	708	23628	2.91	24336
82	748	24120	3.01	24868
83	709	24247	2.84	24956
84	767	23570	3.15	24337
85	731	23602	3.00	24333
86	877	23798	3.55	24675
87	740	23567	3.04	24307
88	723	24465	2.87	25188
89	738	23767	3.01	24505
90	747	23215	3.12	23962
91	707	23595	2.91	24302
92	723	23646	2.97	24369
93	733	23435	3.03	24168
94	777	23548	3.19	24325
95	693	23624	2.85	24317
96	783	23202	3.26	23985
97	781	23379	3.23	24160
98	757	23523	3.12	24280
99	778	23706	3.18	24484
100	690	23181	2.89	23871
101	728	23751	2.97	24479
102	712	23396	2.95	24108
103	801	23464	3.30	24265
104	695	23482	2.87	24177
105	813	23171	3.39	23984
106	817	23547	3.35	24364
107	745	23100	3.12	23845
108	715	23204	2.99	23919
109	788	23408	3.26	24196
110	736	22938	3.11	23674
111	785	23426	3.24	24211
112	797	22997	3.35	23794
113	785	22773	3.33	23558
114	754	22354	3.26	23108
115	731	22922	3.09	23653
116	654	22846	2.78	23500
117	817	23021	3.43	23838
118	819	22057	3.58	22876
119	834	22366	3.59	23200
120	751	22343	3.25	23094
121	815	22495	3.50	23310
122	732	22180	3.19	22912
123	716	22226	3.12	22942
124	743	21718	3.31	22461
125	738	21822	3.27	22560
126	735	21020	3.38	21755
127	737	21733	3.28	22470
128	723	21570	3.24	22293
129	699	21983	3.08	22682
130	761	21117	3.48	21878
131	663	21342	3.01	22005
132	707	21396	3.20	22103
133	698	21125	3.20	21823
134	698	21087	3.20	21785
135	736	20904	3.40	21640
136	663	20194	3.18	20857
137	693	19729	3.39	20422
138	620	20560	2.93	21180
139	743	20036	3.58	20779
140	680	20232	3.25	20912
141	634	19217	3.19	19851
142	607	18779	3.13	19386
143	448	16025	2.72	16473
144	485	16085	2.93	16570
145	273	11603	2.30	11876

CHH context
===========
position	count methylated	count unmethylated	% methylation	coverage
1	10676	54053	16.49	64729
2	8254	57694	12.52	65948
3	6054	62258	8.86	68312
4	4529	64074	6.60	68603
5	3764	66203	5.38	69967
6	3168	67259	4.50	70427
7	2929	68499	4.10	71428
8	2717	68414	3.82	71131
9	2728	67817	3.87	70545
10	2733	68384	3.84	71117
11	2696	67366	3.85	70062
12	2797	67123	4.00	69920
13	3006	67886	4.24	70892
14	2789	68450	3.91	71239
15	2842	67780	4.02	70622
16	2890	67708	4.09	70598
17	2614	67759	3.71	70373
18	2842	66869	4.08	69711
19	2857	67569	4.06	70426
20	2824	67795	4.00	70619
21	2845	67419	4.05	70264
22	2897	67592	4.11	70489
23	2736	68103	3.86	70839
24	2848	67396	4.05	70244
25	3003	67956	4.23	70959
26	2815	67966	3.98	70781
27	2799	67533	3.98	70332
28	2942	67691	4.17	70633
29	2906	67627	4.12	70533
30	3080	67538	4.36	70618
31	2962	68279	4.16	71241
32	2902	68009	4.09	70911
33	2895	68094	4.08	70989
34	2982	68059	4.20	71041
35	2854	67504	4.06	70358
36	2910	68226	4.09	71136
37	2880	68363	4.04	71243
38	2935	68539	4.11	71474
39	3057	68164	4.29	71221
40	2930	68952	4.08	71882
41	2954	68672	4.12	71626
42	2980	68867	4.15	71847
43	3059	68946	4.25	72005
44	2892	68562	4.05	71454
45	2922	68483	4.09	71405
46	2832	68858	3.95	71690
47	2980	68401	4.17	71381
48	2976	68765	4.15	71741
49	2875	69331	3.98	72206
50	2854	68806	3.98	71660
51	3049	68026	4.29	71075
52	2977	68928	4.14	71905
53	2866	69296	3.97	72162
54	3057	69479	4.21	72536
55	3032	69648	4.17	72680
56	2936	69101	4.08	72037
57	2936	69173	4.07	72109
58	2941	69449	4.06	72390
59	3026	70154	4.14	73180
60	2971	69911	4.08	72882
61	3003	70484	4.09	73487
62	2834	69698	3.91	72532
63	2971	70002	4.07	72973
64	3080	69659	4.23	72739
65	3002	69821	4.12	72823
66	2942	69710	4.05	72652
67	2913	70628	3.96	73541
68	2987	69629	4.11	72616
69	2940	69834	4.04	72774
70	2998	68835	4.17	71833
71	2917	70011	4.00	72928
72	2821	68898	3.93	71719
73	3012	68924	4.19	71936
74	2941	68756	4.10	71697
75	2682	69170	3.73	71852
76	3030	68892	4.21	71922
77	2877	69009	4.00	71886
78	2848	68824	3.97	71672
79	2771	69473	3.84	72244
80	2845	69164	3.95	72009
81	2707	70006	3.72	72713
82	2826	69712	3.90	72538
83	2906	69264	4.03	72170
84	2843	69905	3.91	72748
85	2853	70043	3.91	72896
86	2711	69970	3.73	72681
87	2787	70522	3.80	73309
88	2889	69453	3.99	72342
89	2660	69224	3.70	71884
90	3068	69616	4.22	72684
91	2841	69878	3.91	72719
92	2913	70053	3.99	72966
93	2985	70010	4.09	72995
94	3027	69138	4.19	72165
95	2913	70287	3.98	73200
96	2899	69893	3.98	72792
97	2945	70528	4.01	73473
98	2876	70552	3.92	73428
99	2827	70243	3.87	73070
100	3194	70917	4.31	74111
101	2983	70750	4.05	73733
102	3021	71137	4.07	74158
103	3063	70021	4.19	73084
104	2943	70556	4.00	73499
105	3059	70545	4.16	73604
106	3067	71039	4.14	74106
107	2995	70584	4.07	73579
108	2983	70494	4.06	73477
109	3035	70503	4.13	73538
110	2932	70940	3.97	73872
111	2757	70976	3.74	73733
112	2866	70359	3.91	73225
113	2739	69385	3.80	72124
114	2812	69923	3.87	72735
115	2744	70686	3.74	73430
116	2913	69298	4.03	72211
117	2765	69792	3.81	72557
118	2912	69281	4.03	72193
119	2840	69159	3.94	71999
120	2833	69788	3.90	72621
121	2753	69162	3.83	71915
122	2915	68779	4.07	71694
123	2871	69139	3.99	72010
124	2768	67301	3.95	70069
125	2866	68974	3.99	71840
126	2812	66231	4.07	69043
127	2901	68607	4.06	71508
128	2839	67888	4.01	70727
129	2748	67757	3.90	70505
130	2638	65428	3.88	68066
131	2835	67071	4.06	69906
132	2779	67752	3.94	70531
133	2627	66919	3.78	69546
134	2742	66505	3.96	69247
135	2548	66381	3.70	68929
136	2410	64327	3.61	66737
137	2410	63104	3.68	65514
138	2585	65054	3.82	67639
139	2616	65177	3.86	67793
140	2404	64377	3.60	66781
141	2418	63560	3.66	65978
142	2264	61949	3.53	64213
143	2063	60488	3.30	62551
144	1786	55932	3.09	57718
145	1149	43017	2.60	44166

