CpG context
===========
position	count methylated	count unmethylated	% methylation	coverage
1	16326	4315	79.10	20641
2	17218	4194	80.41	21412
3	17239	4355	79.83	21594
4	17151	4356	79.75	21507
5	17806	4442	80.03	22248
6	18521	4178	81.59	22699
7	18001	4402	80.35	22403
8	17904	4154	81.17	22058
9	17744	4132	81.11	21876
10	17626	4186	80.81	21812
11	17788	4217	80.84	22005
12	17368	4120	80.83	21488
13	17653	4223	80.70	21876
14	17633	4207	80.74	21840
15	17954	4200	81.04	22154
16	17533	4244	80.51	21777
17	17140	4228	80.21	21368
18	16966	4095	80.56	21061
19	16868	4175	80.16	21043
20	17282	4210	80.41	21492
21	17812	4178	81.00	21990
22	17113	4079	80.75	21192
23	16869	3945	81.05	20814
24	16024	4086	79.68	20110
25	16413	4071	80.13	20484
26	16203	4060	79.96	20263
27	15951	4058	79.72	20009
28	15423	4002	79.40	19425
29	16483	4053	80.26	20536
30	15961	3925	80.26	19886
31	15536	4038	79.37	19574
32	15766	4046	79.58	19812
33	16062	4103	79.65	20165
34	15654	4036	79.50	19690
35	15492	4011	79.43	19503
36	15891	3879	80.38	19770
37	15797	4012	79.75	19809
38	15641	3896	80.06	19537
39	16389	4159	79.76	20548
40	15780	3915	80.12	19695
41	15761	3919	80.09	19680
42	15775	4064	79.52	19839
43	15789	3914	80.14	19703
44	15751	4058	79.51	19809
45	15889	3836	80.55	19725
46	15873	4090	79.51	19963
47	15678	3880	80.16	19558
48	15439	4109	78.98	19548
49	15357	4013	79.28	19370
50	14968	3984	78.98	18952
51	15375	4084	79.01	19459
52	15714	4080	79.39	19794
53	15960	3969	80.08	19929
54	15479	3847	80.09	19326
55	15486	3955	79.66	19441
56	15092	3936	79.31	19028
57	14975	3896	79.35	18871
58	14598	3990	78.53	18588
59	14933	3819	79.63	18752
60	15180	4018	79.07	19198
61	15286	3920	79.59	19206
62	15342	3798	80.16	19140
63	15176	3960	79.31	19136
64	15379	3786	80.25	19165
65	15420	3960	79.57	19380
66	15083	4003	79.03	19086
67	15360	3822	80.08	19182
68	15207	3940	79.42	19147
69	15659	3861	80.22	19520
70	15352	3845	79.97	19197
71	15580	3906	79.95	19486
72	15321	3957	79.47	19278
73	15537	3918	79.86	19455
74	15250	3876	79.73	19126
75	15574	3956	79.74	19530
76	15292	3819	80.02	19111
77	15164	3746	80.19	18910
78	15204	3848	79.80	19052
79	15173	3871	79.67	19044
80	15313	3672	80.66	18985
81	15050	3889	79.47	18939
82	14944	3576	80.69	18520
83	15022	3696	80.25	18718
84	14588	3733	79.62	18321
85	14843	3775	79.72	18618
86	14708	3799	79.47	18507
87	14428	3895	78.74	18323
88	14486	3711	79.61	18197
89	14573	3785	79.38	18358
90	14740	3766	79.65	18506
91	14961	3750	79.96	18711
92	15042	3758	80.01	18800
93	15081	3723	80.20	18804
94	14670	3602	80.29	18272
95	14855	3672	80.18	18527
96	15161	3719	80.30	18880
97	14651	3691	79.88	18342
98	15056	3635	80.55	18691
99	14988	3690	80.24	18678
100	14926	3610	80.52	18536
101	15318	3694	80.57	19012
102	15338	3609	80.95	18947
103	15340	3638	80.83	18978
104	15176	3463	81.42	18639
105	14598	3587	80.27	18185
106	14697	3569	80.46	18266
107	14321	3573	80.03	17894
108	14079	3458	80.28	17537
109	14384	3514	80.37	17898
110	14116	3330	80.91	17446
111	14126	3504	80.12	17630
112	13857	3487	79.90	17344
113	14012	3346	80.72	17358
114	13604	3521	79.44	17125
115	13539	3569	79.14	17108
116	13760	3444	79.98	17204
117	13264	3203	80.55	16467
118	13867	3454	80.06	17321
119	13306	3519	79.08	16825
120	13337	3258	80.37	16595
121	13151	3296	79.96	16447
122	12974	3235	80.04	16209
123	13012	3187	80.33	16199
124	13020	3250	80.02	16270
125	12687	3237	79.67	15924
126	12262	3000	80.34	15262
127	12038	3140	79.31	15178
128	11433	2751	80.60	14184
129	7961	0	100.00	7961

CHG context
===========
position	count methylated	count unmethylated	% methylation	coverage
1	2814	95347	2.87	98161
2	2854	93919	2.95	96773
3	2840	93869	2.94	96709
4	2946	92360	3.09	95306
5	3000	92280	3.15	95280
6	3095	94336	3.18	97431
7	2956	90745	3.15	93701
8	3135	91546	3.31	94681
9	3042	90319	3.26	93361
10	2923	88385	3.20	91308
11	2916	87391	3.23	90307
12	2993	88483	3.27	91476
13	2985	88483	3.26	91468
14	3074	90973	3.27	94047
15	3007	88133	3.30	91140
16	2923	89248	3.17	92171
17	3101	87785	3.41	90886
18	2939	88661	3.21	91600
19	2832	86151	3.18	88983
20	2959	86756	3.30	89715
21	3040	87162	3.37	90202
22	3107	88846	3.38	91953
23	3099	89557	3.34	92656
24	2977	88797	3.24	91774
25	3099	87024	3.44	90123
26	3028	87446	3.35	90474
27	3054	87899	3.36	90953
28	2881	85755	3.25	88636
29	2902	86306	3.25	89208
30	2894	86373	3.24	89267
31	2860	87938	3.15	90798
32	2917	87364	3.23	90281
33	2804	87098	3.12	89902
34	2791	84947	3.18	87738
35	2874	84469	3.29	87343
36	2886	84846	3.29	87732
37	2987	85119	3.39	88106
38	3032	86389	3.39	89421
39	3016	85598	3.40	88614
40	3042	86381	3.40	89423
41	2987	85499	3.38	88486
42	3033	86324	3.39	89357
43	2916	85405	3.30	88321
44	2980	85778	3.36	88758
45	3085	85558	3.48	88643
46	2941	85793	3.31	88734
47	3060	86687	3.41	89747
48	3090	85232	3.50	88322
49	3040	85162	3.45	88202
50	2977	84840	3.39	87817
51	2934	84465	3.36	87399
52	2773	85368	3.15	88141
53	3018	84558	3.45	87576
54	2963	85164	3.36	88127
55	2757	84324	3.17	87081
56	2985	83594	3.45	86579
57	2962	84264	3.40	87226
58	2824	83693	3.26	86517
59	2823	83765	3.26	86588
60	2915	83292	3.38	86207
61	2896	83602	3.35	86498
62	2750	83693	3.18	86443
63	2979	82924	3.47	85903
64	2890	82896	3.37	85786
65	2977	83118	3.46	86095
66	2911	84412	3.33	87323
67	2940	83401	3.41	86341
68	2801	83503	3.25	86304
69	2790	83912	3.22	86702
70	2838	84419	3.25	87257
71	2833	83335	3.29	86168
72	2931	84208	3.36	87139
73	2761	83551	3.20	86312
74	2943	83980	3.39	86923
75	2930	83603	3.39	86533
76	3052	84283	3.49	87335
77	2850	83597	3.30	86447
78	3044	83407	3.52	86451
79	2767	83857	3.19	86624
80	3004	83554	3.47	86558
81	2797	83152	3.25	85949
82	2998	83683	3.46	86681
83	2897	83887	3.34	86784
84	2974	82813	3.47	85787
85	2939	82657	3.43	85596
86	2995	82682	3.50	85677
87	2987	83000	3.47	85987
88	3097	82956	3.60	86053
89	2782	81774	3.29	84556
90	2874	81189	3.42	84063
91	2823	80938	3.37	83761
92	2714	79863	3.29	82577
93	3041	80531	3.64	83572
94	2871	80094	3.46	82965
95	2914	79781	3.52	82695
96	2929	78906	3.58	81835
97	2834	79379	3.45	82213
98	2791	79049	3.41	81840
99	2882	78865	3.53	81747
100	2857	79004	3.49	81861
101	2773	77242	3.47	80015
102	2790	77148	3.49	79938
103	2923	77255	3.65	80178
104	2746	76931	3.45	79677
105	2893	77847	3.58	80740
106	2804	77021	3.51	79825
107	2901	77191	3.62	80092
108	2855	77947	3.53	80802
109	2898	77110	3.62	80008
110	2904	77347	3.62	80251
111	2934	77356	3.65	80290
112	2796	76479	3.53	79275
113	2769	75502	3.54	78271
114	2733	75067	3.51	77800
115	2855	75293	3.65	78148
116	2917	75811	3.71	78728
117	2797	74821	3.60	77618
118	2706	73811	3.54	76517
119	2803	74534	3.62	77337
120	2635	73868	3.44	76503
121	2726	73069	3.60	75795
122	2717	72478	3.61	75195
123	2732	70976	3.71	73708
124	2712	70688	3.69	73400
125	2564	69111	3.58	71675
126	2474	67057	3.56	69531
127	2319	64981	3.45	67300
128	2218	59632	3.59	61850
129	1194	0	100.00	1194

CHH context
===========
position	count methylated	count unmethylated	% methylation	coverage
1	11168	313442	3.44	324610
2	11675	309909	3.63	321584
3	11823	308393	3.69	320216
4	11943	302153	3.80	314096
5	12447	299973	3.98	312420
6	12835	298929	4.12	311764
7	12808	300871	4.08	313679
8	12995	305295	4.08	318290
9	13299	304373	4.19	317672
10	12729	301538	4.05	314267
11	13308	299530	4.25	312838
12	13083	296926	4.22	310009
13	12838	297543	4.14	310381
14	12845	294260	4.18	307105
15	12980	298210	4.17	311190
16	12738	294120	4.15	306858
17	12665	292406	4.15	305071
18	12543	293813	4.09	306356
19	12396	290354	4.09	302750
20	12626	291056	4.16	303682
21	12535	290298	4.14	302833
22	12317	289836	4.08	302153
23	12241	290069	4.05	302310
24	12634	293616	4.13	306250
25	12381	293469	4.05	305850
26	12362	292933	4.05	305295
27	12510	290011	4.14	302521
28	12518	290604	4.13	303122
29	12691	288506	4.21	301197
30	12289	289907	4.07	302196
31	12415	291543	4.08	303958
32	12282	291797	4.04	304079
33	12455	293496	4.07	305951
34	12558	295672	4.07	308230
35	12684	292200	4.16	304884
36	12916	290907	4.25	303823
37	13136	292895	4.29	306031
38	12638	294623	4.11	307261
39	12625	295625	4.10	308250
40	12636	298339	4.06	310975
41	12578	298948	4.04	311526
42	12715	297025	4.11	309740
43	12789	298498	4.11	311287
44	13234	299314	4.23	312548
45	12893	298486	4.14	311379
46	13284	296585	4.29	309869
47	13182	299016	4.22	312198
48	12821	299233	4.11	312054
49	13082	298652	4.20	311734
50	12719	298043	4.09	310762
51	12620	298495	4.06	311115
52	12807	296691	4.14	309498
53	12894	297370	4.16	310264
54	13008	296547	4.20	309555
55	12814	298249	4.12	311063
56	12915	298684	4.14	311599
57	12834	296433	4.15	309267
58	12415	294521	4.04	306936
59	12652	295119	4.11	307771
60	12711	295965	4.12	308676
61	12624	293621	4.12	306245
62	12890	294096	4.20	306986
63	12766	293290	4.17	306056
64	12672	293139	4.14	305811
65	12858	292802	4.21	305660
66	12752	292100	4.18	304852
67	12862	291767	4.22	304629
68	12429	293392	4.06	305821
69	12864	292517	4.21	305381
70	12350	294367	4.03	306717
71	12598	293810	4.11	306408
72	12768	293143	4.17	305911
73	12368	295156	4.02	307524
74	12878	296028	4.17	308906
75	12733	295367	4.13	308100
76	13042	297193	4.20	310235
77	12723	294898	4.14	307621
78	13015	294111	4.24	307126
79	13172	292970	4.30	306142
80	12746	294341	4.15	307087
81	12372	293349	4.05	305721
82	12869	292141	4.22	305010
83	12468	292202	4.09	304670
84	12689	289830	4.19	302519
85	12922	290126	4.26	303048
86	12705	289079	4.21	301784
87	12541	290038	4.14	302579
88	12829	289183	4.25	302012
89	12994	288807	4.31	301801
90	12765	286997	4.26	299762
91	12892	285923	4.31	298815
92	12749	286220	4.26	298969
93	12853	285655	4.31	298508
94	12468	284639	4.20	297107
95	12581	282838	4.26	295419
96	12394	282828	4.20	295222
97	12358	282237	4.19	294595
98	12480	282746	4.23	295226
99	12595	280605	4.30	293200
100	12688	279613	4.34	292301
101	12567	280237	4.29	292804
102	12462	280332	4.26	292794
103	12677	277826	4.36	290503
104	12300	276876	4.25	289176
105	12476	275139	4.34	287615
106	12537	273906	4.38	286443
107	12524	274144	4.37	286668
108	12666	272587	4.44	285253
109	12260	270750	4.33	283010
110	12405	268913	4.41	281318
111	11958	268359	4.27	280317
112	12198	268663	4.34	280861
113	12260	267321	4.39	279581
114	11963	266215	4.30	278178
115	12137	265382	4.37	277519
116	12370	264461	4.47	276831
117	12202	263566	4.42	275768
118	12416	262829	4.51	275245
119	12239	261385	4.47	273624
120	11944	259940	4.39	271884
121	11600	257926	4.30	269526
122	11803	257124	4.39	268927
123	11166	254636	4.20	265802
124	11723	251690	4.45	263413
125	11318	246208	4.39	257526
126	10726	241515	4.25	252241
127	9624	230607	4.01	240231
128	8747	210666	3.99	219413
129	4485	0	100.00	4485

