CpG context
===========
position	count methylated	count unmethylated	% methylation	coverage
1	15350	5385	74.03	20735
2	15471	5226	74.75	20697
3	16688	5349	75.73	22037
4	16261	5551	74.55	21812
5	16268	5293	75.45	21561
6	16376	5235	75.78	21611
7	17765	5333	76.91	23098
8	17607	5561	76.00	23168
9	17840	5313	77.05	23153
10	17637	5123	77.49	22760
11	17086	5556	75.46	22642
12	16816	5521	75.28	22337
13	17506	5251	76.93	22757
14	18495	5614	76.71	24109
15	17675	5342	76.79	23017
16	17750	5211	77.30	22961
17	17178	5252	76.58	22430
18	17385	5316	76.58	22701
19	18268	5326	77.43	23594
20	16975	5056	77.05	22031
21	17830	5375	76.84	23205
22	17233	5122	77.09	22355
23	18169	5247	77.59	23416
24	18552	5430	77.36	23982
25	17900	4994	78.19	22894
26	17970	5444	76.75	23414
27	16559	5141	76.31	21700
28	17087	5263	76.45	22350
29	16496	5130	76.28	21626
30	17028	5375	76.01	22403
31	17340	5045	77.46	22385
32	16286	5160	75.94	21446
33	17247	5324	76.41	22571
34	17146	5288	76.43	22434
35	15876	5182	75.39	21058
36	17112	5270	76.45	22382
37	16993	5276	76.31	22269
38	16902	5395	75.80	22297
39	16464	5171	76.10	21635
40	17142	5447	75.89	22589
41	16088	5177	75.65	21265
42	15787	5252	75.04	21039
43	15563	5172	75.06	20735
44	15627	4926	76.03	20553
45	15207	5128	74.78	20335
46	14981	5073	74.70	20054
47	15184	5155	74.65	20339
48	15206	5366	73.92	20572
49	15654	5138	75.29	20792
50	15662	5268	74.83	20930
51	15404	5173	74.86	20577
52	15892	5260	75.13	21152
53	15630	5089	75.44	20719
54	16053	4994	76.27	21047
55	16221	5062	76.22	21283
56	15830	5222	75.19	21052
57	16127	4985	76.39	21112
58	16230	5188	75.78	21418
59	16063	5334	75.07	21397
60	15809	5092	75.64	20901
61	15945	5093	75.79	21038
62	15957	5373	74.81	21330
63	16010	4923	76.48	20933
64	15122	5251	74.23	20373
65	15251	5018	75.24	20269
66	15309	5146	74.84	20455
67	15332	5078	75.12	20410
68	15794	5011	75.91	20805
69	15583	5163	75.11	20746
70	15256	5050	75.13	20306
71	15728	4952	76.05	20680
72	15790	5150	75.41	20940
73	15625	5054	75.56	20679
74	15229	4720	76.34	19949
75	14995	4981	75.07	19976
76	14706	4818	75.32	19524
77	15084	5023	75.02	20107
78	14725	4894	75.05	19619
79	15261	4882	75.76	20143
80	14833	5027	74.69	19860
81	15550	4912	75.99	20462
82	15068	4970	75.20	20038
83	15030	5067	74.79	20097
84	15115	4933	75.39	20048
85	15312	4837	75.99	20149
86	15180	4852	75.78	20032
87	15279	4543	77.08	19822
88	15108	4604	76.64	19712
89	15328	4700	76.53	20028
90	14749	4680	75.91	19429
91	15062	4768	75.96	19830
92	14916	4830	75.54	19746
93	15308	4657	76.67	19965
94	15161	4627	76.62	19788
95	15446	4676	76.76	20122
96	15534	4592	77.18	20126
97	15766	4711	76.99	20477
98	14938	4721	75.99	19659
99	14992	4515	76.85	19507
100	15301	4621	76.80	19922
101	15198	4657	76.54	19855
102	15274	4492	77.27	19766
103	14725	4497	76.60	19222
104	15283	4461	77.41	19744
105	14573	4638	75.86	19211
106	14510	4374	76.84	18884
107	14587	4484	76.49	19071
108	14724	4372	77.11	19096
109	14586	4375	76.93	18961
110	14389	4430	76.46	18819
111	14630	4431	76.75	19061
112	14951	4372	77.37	19323
113	14377	4222	77.30	18599
114	14857	4262	77.71	19119
115	14148	4245	76.92	18393
116	13916	4152	77.02	18068
117	13792	3967	77.66	17759
118	13913	4182	76.89	18095
119	13796	4051	77.30	17847
120	13873	4039	77.45	17912
121	14143	4261	76.85	18404
122	13717	4025	77.31	17742
123	13788	4037	77.35	17825
124	13290	3982	76.95	17272
125	12992	3540	78.59	16532
126	12881	3667	77.84	16548
127	12198	3504	77.68	15702
128	12539	3210	79.62	15749
129	9413	0	100.00	9413

CHG context
===========
position	count methylated	count unmethylated	% methylation	coverage
1	1807	96002	1.85	97809
2	1787	95189	1.84	96976
3	1790	95729	1.84	97519
4	1574	97435	1.59	99009
5	1645	92616	1.75	94261
6	1689	93722	1.77	95411
7	1846	93830	1.93	95676
8	1768	90661	1.91	92429
9	1852	90382	2.01	92234
10	1757	90788	1.90	92545
11	1673	91049	1.80	92722
12	1587	89643	1.74	91230
13	1692	88181	1.88	89873
14	1701	85151	1.96	86852
15	1731	84161	2.02	85892
16	1842	87601	2.06	89443
17	1626	86629	1.84	88255
18	1787	85498	2.05	87285
19	1665	88377	1.85	90042
20	1614	82914	1.91	84528
21	1639	86039	1.87	87678
22	1536	84218	1.79	85754
23	1683	88660	1.86	90343
24	1826	91523	1.96	93349
25	1638	84734	1.90	86372
26	1742	85707	1.99	87449
27	1634	84406	1.90	86040
28	1820	88866	2.01	90686
29	1890	90922	2.04	92812
30	1834	90340	1.99	92174
31	1706	88468	1.89	90174
32	1742	88321	1.93	90063
33	1751	88044	1.95	89795
34	1705	88092	1.90	89797
35	1925	84471	2.23	86396
36	1693	85791	1.94	87484
37	1806	86179	2.05	87985
38	1827	85906	2.08	87733
39	1698	83758	1.99	85456
40	1682	86475	1.91	88157
41	1876	87760	2.09	89636
42	1732	86820	1.96	88552
43	1764	85780	2.01	87544
44	1767	88145	1.97	89912
45	1705	88389	1.89	90094
46	1662	84473	1.93	86135
47	1928	82742	2.28	84670
48	1762	87270	1.98	89032
49	1837	86017	2.09	87854
50	1722	84567	2.00	86289
51	1663	83622	1.95	85285
52	1778	84214	2.07	85992
53	1735	85010	2.00	86745
54	1764	85493	2.02	87257
55	1717	82451	2.04	84168
56	1732	83794	2.03	85526
57	1693	83589	1.99	85282
58	1747	85787	2.00	87534
59	1745	85622	2.00	87367
60	1787	84279	2.08	86066
61	1727	83105	2.04	84832
62	1842	84554	2.13	86396
63	1722	85198	1.98	86920
64	1666	84315	1.94	85981
65	1536	83928	1.80	85464
66	1702	82448	2.02	84150
67	1760	83215	2.07	84975
68	1700	83625	1.99	85325
69	1772	83424	2.08	85196
70	1703	82549	2.02	84252
71	1795	83338	2.11	85133
72	1734	84035	2.02	85769
73	1752	83413	2.06	85165
74	1715	82984	2.02	84699
75	1718	82078	2.05	83796
76	1752	80651	2.13	82403
77	1638	84153	1.91	85791
78	1706	83639	2.00	85345
79	1649	84028	1.92	85677
80	1717	84605	1.99	86322
81	1768	84262	2.06	86030
82	1683	83137	1.98	84820
83	1733	82314	2.06	84047
84	1765	82495	2.09	84260
85	1794	81043	2.17	82837
86	1618	79703	1.99	81321
87	1751	81461	2.10	83212
88	1655	81720	1.99	83375
89	1704	82724	2.02	84428
90	1859	80854	2.25	82713
91	1700	80068	2.08	81768
92	1701	80289	2.07	81990
93	1670	79675	2.05	81345
94	1613	79243	1.99	80856
95	1596	78185	2.00	79781
96	1732	78968	2.15	80700
97	1679	78588	2.09	80267
98	1629	78439	2.03	80068
99	1646	78233	2.06	79879
100	1769	77999	2.22	79768
101	1793	77125	2.27	78918
102	1759	76451	2.25	78210
103	1630	77033	2.07	78663
104	1635	76494	2.09	78129
105	1781	75284	2.31	77065
106	1703	75440	2.21	77143
107	1810	76599	2.31	78409
108	1737	75817	2.24	77554
109	1801	76292	2.31	78093
110	1848	75319	2.39	77167
111	1753	75754	2.26	77507
112	1707	75530	2.21	77237
113	1576	75078	2.06	76654
114	1807	74974	2.35	76781
115	1669	73719	2.21	75388
116	1688	72998	2.26	74686
117	1773	73204	2.36	74977
118	1717	72027	2.33	73744
119	1877	72111	2.54	73988
120	1747	71878	2.37	73625
121	1786	70904	2.46	72690
122	1599	70648	2.21	72247
123	1665	68564	2.37	70229
124	1583	67869	2.28	69452
125	1637	65917	2.42	67554
126	1546	63372	2.38	64918
127	1526	61120	2.44	62646
128	1507	54725	2.68	56232
129	1024	0	100.00	1024

CHH context
===========
position	count methylated	count unmethylated	% methylation	coverage
1	6285	282614	2.18	288899
2	6531	277627	2.30	284158
3	6908	283757	2.38	290665
4	6337	284121	2.18	290458
5	6399	275798	2.27	282197
6	6497	272648	2.33	279145
7	6985	269298	2.53	276283
8	7456	268499	2.70	275955
9	7488	273554	2.66	281042
10	7246	271218	2.60	278464
11	7080	272629	2.53	279709
12	7681	275975	2.71	283656
13	7230	273779	2.57	281009
14	7601	268553	2.75	276154
15	6873	256996	2.60	263869
16	7206	267867	2.62	275073
17	6808	265334	2.50	272142
18	6683	260847	2.50	267530
19	6725	258549	2.54	265274
20	6547	250670	2.55	257217
21	6954	262664	2.58	269618
22	6853	261232	2.56	268085
23	6802	259593	2.55	266395
24	6796	258607	2.56	265403
25	6641	256140	2.53	262781
26	6792	263802	2.51	270594
27	6819	251702	2.64	258521
28	6904	261380	2.57	268284
29	6834	261225	2.55	268059
30	6717	261942	2.50	268659
31	7004	262042	2.60	269046
32	6841	260240	2.56	267081
33	6809	260487	2.55	267296
34	6827	260569	2.55	267396
35	7154	256823	2.71	263977
36	6783	263816	2.51	270599
37	6995	260926	2.61	267921
38	7345	263118	2.72	270463
39	7091	258131	2.67	265222
40	7499	266426	2.74	273925
41	7312	269970	2.64	277282
42	7090	268545	2.57	275635
43	6788	265774	2.49	272562
44	7314	268673	2.65	275987
45	6827	272867	2.44	279694
46	7202	268807	2.61	276009
47	7800	259172	2.92	266972
48	7451	268515	2.70	275966
49	7393	268321	2.68	275714
50	7207	268606	2.61	275813
51	7105	267492	2.59	274597
52	7392	266760	2.70	274152
53	7183	267698	2.61	274881
54	7167	267842	2.61	275009
55	7233	265644	2.65	272877
56	6830	263060	2.53	269890
57	7293	265036	2.68	272329
58	6887	263104	2.55	269991
59	7097	264732	2.61	271829
60	7167	263520	2.65	270687
61	7105	262417	2.64	269522
62	7268	260127	2.72	267395
63	6993	259905	2.62	266898
64	6938	259826	2.60	266764
65	6756	259238	2.54	265994
66	6739	258462	2.54	265201
67	7035	259072	2.64	266107
68	7145	257790	2.70	264935
69	6826	259295	2.56	266121
70	7105	258416	2.68	265521
71	6903	260206	2.58	267109
72	6994	260862	2.61	267856
73	7272	261294	2.71	268566
74	6831	261536	2.55	268367
75	7063	262298	2.62	269361
76	6726	252658	2.59	259384
77	6894	261834	2.57	268728
78	7118	260317	2.66	267435
79	6851	260452	2.56	267303
80	6989	259942	2.62	266931
81	6934	262998	2.57	269932
82	6811	263987	2.52	270798
83	6918	261781	2.57	268699
84	7033	260052	2.63	267085
85	6621	260679	2.48	267300
86	6756	257322	2.56	264078
87	7025	255018	2.68	262043
88	6775	254335	2.59	261110
89	6825	255556	2.60	262381
90	7278	254763	2.78	262041
91	7290	255467	2.77	262757
92	7171	255909	2.73	263080
93	6931	255642	2.64	262573
94	6677	255028	2.55	261705
95	6965	253928	2.67	260893
96	6807	251157	2.64	257964
97	7380	250106	2.87	257486
98	7024	249882	2.73	256906
99	7121	249519	2.77	256640
100	7103	249812	2.76	256915
101	6834	247898	2.68	254732
102	6967	248380	2.73	255347
103	6730	249155	2.63	255885
104	6839	248218	2.68	255057
105	7106	246622	2.80	253728
106	6852	245723	2.71	252575
107	7248	243646	2.89	250894
108	7152	243616	2.85	250768
109	6939	241384	2.79	248323
110	7168	239670	2.90	246838
111	6948	238173	2.83	245121
112	6977	237183	2.86	244160
113	7029	236725	2.88	243754
114	6788	235870	2.80	242658
115	6994	234076	2.90	241070
116	6889	234657	2.85	241546
117	6950	233245	2.89	240195
118	6949	230473	2.93	237422
119	7686	228286	3.26	235972
120	6805	228512	2.89	235317
121	6760	226376	2.90	233136
122	6668	222776	2.91	229444
123	6880	222311	3.00	229191
124	6539	216603	2.93	223142
125	6582	211676	3.02	218258
126	6505	205497	3.07	212002
127	5611	192482	2.83	198093
128	5519	169189	3.16	174708
129	3230	0	100.00	3230

