CpG context
===========
position	count methylated	count unmethylated	% methylation	coverage
1	16330	3796	81.14	20126
2	16508	3667	81.82	20175
3	16595	3861	81.13	20456
4	16938	3700	82.07	20638
5	17510	3684	82.62	21194
6	17643	3790	82.32	21433
7	17834	3733	82.69	21567
8	17958	3855	82.33	21813
9	17457	3892	81.77	21349
10	18071	3806	82.60	21877
11	18187	3801	82.71	21988
12	17619	3671	82.76	21290
13	17682	3741	82.54	21423
14	18571	3803	83.00	22374
15	18615	3754	83.22	22369
16	18904	3886	82.95	22790
17	17597	3830	82.13	21427
18	17733	3800	82.35	21533
19	17983	3755	82.73	21738
20	17879	3780	82.55	21659
21	17793	3900	82.02	21693
22	17507	3700	82.55	21207
23	17501	3849	81.97	21350
24	18256	3971	82.13	22227
25	18514	3700	83.34	22214
26	17860	3656	83.01	21516
27	17737	3722	82.66	21459
28	17547	3592	83.01	21139
29	17903	3804	82.48	21707
30	17733	3915	81.92	21648
31	17729	3732	82.61	21461
32	17113	3594	82.64	20707
33	16605	3860	81.14	20465
34	16469	3578	82.15	20047
35	16007	3707	81.20	19714
36	16225	3618	81.77	19843
37	16843	3678	82.08	20521
38	16410	3704	81.58	20114
39	16702	3667	82.00	20369
40	17065	3702	82.17	20767
41	16044	3710	81.22	19754
42	16189	3616	81.74	19805
43	16210	3819	80.93	20029
44	16167	3702	81.37	19869
45	15899	3743	80.94	19642
46	16083	3621	81.62	19704
47	16687	3679	81.94	20366
48	16157	3633	81.64	19790
49	16124	3638	81.59	19762
50	16057	3592	81.72	19649
51	15989	3666	81.35	19655
52	15924	3653	81.34	19577
53	16360	3614	81.91	19974
54	16285	3722	81.40	20007
55	16698	3556	82.44	20254
56	16033	3603	81.65	19636
57	16092	3665	81.45	19757
58	16170	3638	81.63	19808
59	16268	3582	81.95	19850
60	16420	3571	82.14	19991
61	15682	3555	81.52	19237
62	15951	3654	81.36	19605
63	16907	3656	82.22	20563
64	16011	3535	81.91	19546
65	16573	3584	82.22	20157
66	15858	3552	81.70	19410
67	15656	3609	81.27	19265
68	15812	3612	81.40	19424
69	16165	3788	81.02	19953
70	16112	3619	81.66	19731
71	16382	3574	82.09	19956
72	16914	3586	82.51	20500
73	16198	3747	81.21	19945
74	15985	3510	82.00	19495
75	15926	3565	81.71	19491
76	15740	3471	81.93	19211
77	15863	3600	81.50	19463
78	15818	3601	81.46	19419
79	15851	3365	82.49	19216
80	15778	3636	81.27	19414
81	15467	3317	82.34	18784
82	15530	3406	82.01	18936
83	15288	3361	81.98	18649
84	15648	3569	81.43	19217
85	15180	3520	81.18	18700
86	15642	3464	81.87	19106
87	15270	3420	81.70	18690
88	15353	3548	81.23	18901
89	15332	3459	81.59	18791
90	15322	3360	82.01	18682
91	15414	3432	81.79	18846
92	15391	3394	81.93	18785
93	15431	3380	82.03	18811
94	15164	3589	80.86	18753
95	15764	3214	83.06	18978
96	15358	3417	81.80	18775
97	14936	3425	81.35	18361
98	15127	3356	81.84	18483
99	15127	3485	81.28	18612
100	15317	3298	82.28	18615
101	15273	3386	81.85	18659
102	15398	3388	81.97	18786
103	15458	3129	83.17	18587
104	15346	3408	81.83	18754
105	15623	3267	82.71	18890
106	15158	3278	82.22	18436
107	15162	3332	81.98	18494
108	14984	3313	81.89	18297
109	14848	3279	81.91	18127
110	14983	3080	82.95	18063
111	14710	3207	82.10	17917
112	14939	3164	82.52	18103
113	14715	3151	82.36	17866
114	14655	3266	81.78	17921
115	14756	3124	82.53	17880
116	14628	3239	81.87	17867
117	14885	3183	82.38	18068
118	14800	3122	82.58	17922
119	14212	3183	81.70	17395
120	14119	3032	82.32	17151
121	13910	3076	81.89	16986
122	13953	3018	82.22	16971
123	13803	2996	82.17	16799
124	13521	2949	82.09	16470
125	13493	2865	82.49	16358
126	13372	2746	82.96	16118
127	12824	2748	82.35	15572
128	12276	2604	82.50	14880
129	8271	0	100.00	8271

CHG context
===========
position	count methylated	count unmethylated	% methylation	coverage
1	4232	92666	4.37	96898
2	4212	90386	4.45	94598
3	3898	89414	4.18	93312
4	3909	90122	4.16	94031
5	4016	87350	4.40	91366
6	4296	87695	4.67	91991
7	4360	88653	4.69	93013
8	4222	87462	4.60	91684
9	4203	88460	4.54	92663
10	4121	87750	4.49	91871
11	4154	86780	4.57	90934
12	4134	86762	4.55	90896
13	4239	86202	4.69	90441
14	4032	86069	4.47	90101
15	4284	85289	4.78	89573
16	4065	87400	4.44	91465
17	3963	84189	4.50	88152
18	4107	84707	4.62	88814
19	4122	85479	4.60	89601
20	4056	83899	4.61	87955
21	3964	84068	4.50	88032
22	4354	85005	4.87	89359
23	4205	85650	4.68	89855
24	4171	86210	4.61	90381
25	4240	86060	4.70	90300
26	3983	85291	4.46	89274
27	4007	84565	4.52	88572
28	4253	84818	4.77	89071
29	4230	86287	4.67	90517
30	4184	85034	4.69	89218
31	4041	86862	4.45	90903
32	4177	87119	4.58	91296
33	4069	86136	4.51	90205
34	4282	86314	4.73	90596
35	4201	85960	4.66	90161
36	4119	84797	4.63	88916
37	4172	85465	4.65	89637
38	4325	85880	4.79	90205
39	4123	86999	4.52	91122
40	4342	87405	4.73	91747
41	4491	86376	4.94	90867
42	4414	85469	4.91	89883
43	4260	85555	4.74	89815
44	4120	85611	4.59	89731
45	4189	85322	4.68	89511
46	4290	83315	4.90	87605
47	4011	83443	4.59	87454
48	4324	85273	4.83	89597
49	4210	83671	4.79	87881
50	4238	83554	4.83	87792
51	4020	83658	4.58	87678
52	4058	83858	4.62	87916
53	4344	84566	4.89	88910
54	4135	83795	4.70	87930
55	4228	83143	4.84	87371
56	4163	83706	4.74	87869
57	4273	83580	4.86	87853
58	4125	82845	4.74	86970
59	4049	83526	4.62	87575
60	4278	82954	4.90	87232
61	4181	83356	4.78	87537
62	4293	84438	4.84	88731
63	4243	85102	4.75	89345
64	4220	84696	4.75	88916
65	3990	82598	4.61	86588
66	4008	82161	4.65	86169
67	4043	82014	4.70	86057
68	4160	82615	4.79	86775
69	4163	82490	4.80	86653
70	4005	82778	4.61	86783
71	4040	83070	4.64	87110
72	4026	82479	4.65	86505
73	4044	82037	4.70	86081
74	3930	83437	4.50	87367
75	4000	82279	4.64	86279
76	4215	82946	4.84	87161
77	4252	82771	4.89	87023
78	4053	82183	4.70	86236
79	4248	83214	4.86	87462
80	4209	82896	4.83	87105
81	4013	83209	4.60	87222
82	4120	81639	4.80	85759
83	3971	82354	4.60	86325
84	4035	81968	4.69	86003
85	4075	82360	4.71	86435
86	4139	81893	4.81	86032
87	4115	81482	4.81	85597
88	3964	80344	4.70	84308
89	3923	80365	4.65	84288
90	4069	79579	4.86	83648
91	4009	79179	4.82	83188
92	3992	78925	4.81	82917
93	3758	79441	4.52	83199
94	3989	79029	4.80	83018
95	3884	78111	4.74	81995
96	3935	77974	4.80	81909
97	4037	77041	4.98	81078
98	4051	77632	4.96	81683
99	3896	77217	4.80	81113
100	3919	77351	4.82	81270
101	4058	76636	5.03	80694
102	4017	76005	5.02	80022
103	3905	76574	4.85	80479
104	4052	76419	5.04	80471
105	3851	76406	4.80	80257
106	3953	75392	4.98	79345
107	3910	76270	4.88	80180
108	3908	76668	4.85	80576
109	3957	76367	4.93	80324
110	3914	75244	4.94	79158
111	3962	75109	5.01	79071
112	4035	75382	5.08	79417
113	3931	73926	5.05	77857
114	3837	74269	4.91	78106
115	3956	74095	5.07	78051
116	3881	73504	5.02	77385
117	3919	72925	5.10	76844
118	3759	72694	4.92	76453
119	3862	72597	5.05	76459
120	3980	72842	5.18	76822
121	3821	71400	5.08	75221
122	3791	71032	5.07	74823
123	3694	70398	4.99	74092
124	3553	69423	4.87	72976
125	3625	68385	5.03	72010
126	3495	65793	5.04	69288
127	3222	64726	4.74	67948
128	3023	58657	4.90	61680
129	1747	0	100.00	1747

CHH context
===========
position	count methylated	count unmethylated	% methylation	coverage
1	15467	310980	4.74	326447
2	16779	305755	5.20	322534
3	16796	307257	5.18	324053
4	16765	305929	5.20	322694
5	16725	300010	5.28	316735
6	17250	295481	5.52	312731
7	17180	292381	5.55	309561
8	17288	293109	5.57	310397
9	17057	293558	5.49	310615
10	17325	290488	5.63	307813
11	17233	289987	5.61	307220
12	17372	288156	5.69	305528
13	17271	291856	5.59	309127
14	17156	287271	5.64	304427
15	17005	288288	5.57	305293
16	16880	287542	5.54	304422
17	16298	287654	5.36	303952
18	16638	287086	5.48	303724
19	16430	284165	5.47	300595
20	16549	286251	5.47	302800
21	16618	285617	5.50	302235
22	16927	282925	5.65	299852
23	16528	280159	5.57	296687
24	16452	281205	5.53	297657
25	16509	282720	5.52	299229
26	16541	284109	5.50	300650
27	16509	281689	5.54	298198
28	16478	282424	5.51	298902
29	16565	282125	5.55	298690
30	16467	283852	5.48	300319
31	16316	282191	5.47	298507
32	16731	282708	5.59	299439
33	16359	281626	5.49	297985
34	16242	282510	5.44	298752
35	16238	283848	5.41	300086
36	16435	284153	5.47	300588
37	16528	283718	5.50	300246
38	16612	284725	5.51	301337
39	16732	286941	5.51	303673
40	16825	286332	5.55	303157
41	17091	288431	5.59	305522
42	17266	288263	5.65	305529
43	17172	288567	5.62	305739
44	17241	290733	5.60	307974
45	17075	293067	5.51	310142
46	17269	289364	5.63	306633
47	16981	289134	5.55	306115
48	16906	287787	5.55	304693
49	17115	286585	5.64	303700
50	17089	286715	5.63	303804
51	17150	286124	5.65	303274
52	17269	286434	5.69	303703
53	16867	288577	5.52	305444
54	17280	289271	5.64	306551
55	17417	290773	5.65	308190
56	17263	287210	5.67	304473
57	17421	286204	5.74	303625
58	16993	284929	5.63	301922
59	16853	284518	5.59	301371
60	16663	283228	5.56	299891
61	16950	283150	5.65	300100
62	16887	281863	5.65	298750
63	17093	284056	5.68	301149
64	17024	284940	5.64	301964
65	17121	283271	5.70	300392
66	16930	284915	5.61	301845
67	17166	284461	5.69	301627
68	16574	282849	5.54	299423
69	16892	281714	5.66	298606
70	16631	282368	5.56	298999
71	16781	281349	5.63	298130
72	16880	282948	5.63	299828
73	16708	282762	5.58	299470
74	16836	282651	5.62	299487
75	16768	282599	5.60	299367
76	16521	285771	5.47	302292
77	16676	284981	5.53	301657
78	16671	283300	5.56	299971
79	16706	282091	5.59	298797
80	16490	282453	5.52	298943
81	16716	282000	5.60	298716
82	16105	282925	5.39	299030
83	16372	280518	5.51	296890
84	16155	280653	5.44	296808
85	16487	281099	5.54	297586
86	16568	281944	5.55	298512
87	16801	280801	5.65	297602
88	16835	279959	5.67	296794
89	16477	278739	5.58	295216
90	16650	278788	5.64	295438
91	16592	276637	5.66	293229
92	16212	278103	5.51	294315
93	16069	276976	5.48	293045
94	16351	276939	5.58	293290
95	16426	276763	5.60	293189
96	16236	275693	5.56	291929
97	16352	275175	5.61	291527
98	16315	274549	5.61	290864
99	16219	274767	5.57	290986
100	16629	273812	5.73	290441
101	16185	272587	5.60	288772
102	16111	272239	5.59	288350
103	16534	270150	5.77	286684
104	16382	269803	5.72	286185
105	16530	269647	5.78	286177
106	16488	268847	5.78	285335
107	16171	267245	5.71	283416
108	16088	266615	5.69	282703
109	15953	265811	5.66	281764
110	15668	264040	5.60	279708
111	15779	263248	5.66	279027
112	15800	263556	5.66	279356
113	15742	260526	5.70	276268
114	15816	259877	5.74	275693
115	15485	257562	5.67	273047
116	15780	256564	5.79	272344
117	15207	255500	5.62	270707
118	15863	253977	5.88	269840
119	15566	252685	5.80	268251
120	15132	251311	5.68	266443
121	14929	248900	5.66	263829
122	15068	247470	5.74	262538
123	15016	245216	5.77	260232
124	14614	240803	5.72	255417
125	14682	236801	5.84	251483
126	13718	230329	5.62	244047
127	12542	223606	5.31	236148
128	11245	203732	5.23	214977
129	6508	0	100.00	6508

