CpG context
===========
position	count methylated	count unmethylated	% methylation	coverage
1	13225	2486	84.18	15711
2	14080	2425	85.31	16505
3	14362	2585	84.75	16947
4	14776	2412	85.97	17188
5	14684	2377	86.07	17061
6	15035	2445	86.01	17480
7	15140	2488	85.89	17628
8	15305	2470	86.10	17775
9	15564	2422	86.53	17986
10	15489	2445	86.37	17934
11	15743	2563	86.00	18306
12	15006	2527	85.59	17533
13	15157	2343	86.61	17500
14	15159	2410	86.28	17569
15	15116	2505	85.78	17621
16	14867	2356	86.32	17223
17	15157	2468	86.00	17625
18	15587	2430	86.51	18017
19	15770	2432	86.64	18202
20	15423	2480	86.15	17903
21	15443	2381	86.64	17824
22	15240	2425	86.27	17665
23	15845	2319	87.23	18164
24	15233	2466	86.07	17699
25	15704	2326	87.10	18030
26	15078	2459	85.98	17537
27	14957	2342	86.46	17299
28	14558	2245	86.64	16803
29	14108	2435	85.28	16543
30	14360	2436	85.50	16796
31	14363	2355	85.91	16718
32	14216	2372	85.70	16588
33	14245	2313	86.03	16558
34	14806	2478	85.66	17284
35	14285	2338	85.94	16623
36	14480	2305	86.27	16785
37	15085	2382	86.36	17467
38	14525	2282	86.42	16807
39	14663	2375	86.06	17038
40	14400	2410	85.66	16810
41	13931	2235	86.17	16166
42	13714	2302	85.63	16016
43	13401	2361	85.02	15762
44	13687	2396	85.10	16083
45	13328	2246	85.58	15574
46	13507	2404	84.89	15911
47	13763	2265	85.87	16028
48	13735	2312	85.59	16047
49	13895	2381	85.37	16276
50	14043	2383	85.49	16426
51	14057	2256	86.17	16313
52	13959	2380	85.43	16339
53	13895	2294	85.83	16189
54	13917	2265	86.00	16182
55	13999	2283	85.98	16282
56	13821	2374	85.34	16195
57	13995	2181	86.52	16176
58	14066	2255	86.18	16321
59	13922	2281	85.92	16203
60	13708	2197	86.19	15905
61	13553	2260	85.71	15813
62	13769	2235	86.03	16004
63	13528	2404	84.91	15932
64	13495	2219	85.88	15714
65	13443	2282	85.49	15725
66	13969	2228	86.24	16197
67	13460	2260	85.62	15720
68	13752	2298	85.68	16050
69	13971	2320	85.76	16291
70	13851	2295	85.79	16146
71	13701	2232	85.99	15933
72	13725	2221	86.07	15946
73	13782	2219	86.13	16001
74	13343	2160	86.07	15503
75	13018	2186	85.62	15204
76	13385	2258	85.57	15643
77	13382	2162	86.09	15544
78	13254	2144	86.08	15398
79	13527	2171	86.17	15698
80	13264	2166	85.96	15430
81	13366	2140	86.20	15506
82	12999	2180	85.64	15179
83	12938	2202	85.46	15140
84	13046	2103	86.12	15149
85	12895	2109	85.94	15004
86	12783	2194	85.35	14977
87	13120	2109	86.15	15229
88	12985	2007	86.61	14992
89	13060	2184	85.67	15244
90	13070	2193	85.63	15263
91	13084	2250	85.33	15334
92	13364	2172	86.02	15536
93	13153	2141	86.00	15294
94	13037	2123	86.00	15160
95	13201	2013	86.77	15214
96	13448	2108	86.45	15556
97	13305	2130	86.20	15435
98	13371	2046	86.73	15417
99	12967	2081	86.17	15048
100	13547	2036	86.93	15583
101	13169	2075	86.39	15244
102	13159	2093	86.28	15252
103	13250	2005	86.86	15255
104	13158	1993	86.85	15151
105	12901	2023	86.44	14924
106	13074	2105	86.13	15179
107	12874	2020	86.44	14894
108	13021	2006	86.65	15027
109	12610	2032	86.12	14642
110	12841	1940	86.88	14781
111	12779	2034	86.27	14813
112	12511	1937	86.59	14448
113	12383	1924	86.55	14307
114	12482	2016	86.09	14498
115	12513	1950	86.52	14463
116	12464	2044	85.91	14508
117	12141	2005	85.83	14146
118	12078	1970	85.98	14048
119	12090	1926	86.26	14016
120	11884	1888	86.29	13772
121	11904	2004	85.59	13908
122	11649	1821	86.48	13470
123	11682	1831	86.45	13513
124	11376	1801	86.33	13177
125	11427	1914	85.65	13341
126	11192	1789	86.22	12981
127	10756	1787	85.75	12543
128	10399	1523	87.23	11922
129	7268	0	100.00	7268

CHG context
===========
position	count methylated	count unmethylated	% methylation	coverage
1	4735	73657	6.04	78392
2	5006	73405	6.38	78411
3	5167	73676	6.55	78843
4	4945	73149	6.33	78094
5	4929	71297	6.47	76226
6	5334	72155	6.88	77489
7	5350	71966	6.92	77316
8	5279	70849	6.93	76128
9	5221	70954	6.85	76175
10	5177	70763	6.82	75940
11	4944	70246	6.58	75190
12	5199	70427	6.87	75626
13	4935	68683	6.70	73618
14	4994	67923	6.85	72917
15	5061	68119	6.92	73180
16	4981	68236	6.80	73217
17	4995	67558	6.88	72553
18	4782	67885	6.58	72667
19	5022	68479	6.83	73501
20	4940	67146	6.85	72086
21	4994	68022	6.84	73016
22	4913	68058	6.73	72971
23	5240	68494	7.11	73734
24	5265	69190	7.07	74455
25	5334	69311	7.15	74645
26	5152	68516	6.99	73668
27	5237	68563	7.10	73800
28	5130	69459	6.88	74589
29	5115	70064	6.80	75179
30	5231	69165	7.03	74396
31	5184	67870	7.10	73054
32	4991	67728	6.86	72719
33	5125	68245	6.99	73370
34	4933	68461	6.72	73394
35	5184	68464	7.04	73648
36	5028	67024	6.98	72052
37	5068	67126	7.02	72194
38	5134	67301	7.09	72435
39	5245	67244	7.24	72489
40	5207	68042	7.11	73249
41	5218	68401	7.09	73619
42	5229	67055	7.23	72284
43	5179	67790	7.10	72969
44	5268	67582	7.23	72850
45	5550	67928	7.55	73478
46	5173	66434	7.22	71607
47	5124	66693	7.13	71817
48	5177	66947	7.18	72124
49	5334	67277	7.35	72611
50	5101	66677	7.11	71778
51	5095	65171	7.25	70266
52	5131	66169	7.20	71300
53	5133	66256	7.19	71389
54	5343	65709	7.52	71052
55	5200	66426	7.26	71626
56	5090	66302	7.13	71392
57	5174	65524	7.32	70698
58	5083	66511	7.10	71594
59	5078	66700	7.07	71778
60	5088	65964	7.16	71052
61	5096	64791	7.29	69887
62	5178	65696	7.31	70874
63	5151	65969	7.24	71120
64	5160	66425	7.21	71585
65	5075	65271	7.21	70346
66	5091	65822	7.18	70913
67	5068	65027	7.23	70095
68	5129	65387	7.27	70516
69	4928	65542	6.99	70470
70	5042	65102	7.19	70144
71	4862	64872	6.97	69734
72	4839	64727	6.96	69566
73	5060	65743	7.15	70803
74	5284	65855	7.43	71139
75	4948	65146	7.06	70094
76	4881	65784	6.91	70665
77	5048	66521	7.05	71569
78	5083	65852	7.17	70935
79	5190	66228	7.27	71418
80	5027	66280	7.05	71307
81	5136	66542	7.17	71678
82	5080	65114	7.24	70194
83	5039	65524	7.14	70563
84	5039	64539	7.24	69578
85	5050	65248	7.18	70298
86	4987	64453	7.18	69440
87	5096	64916	7.28	70012
88	4848	65245	6.92	70093
89	4890	64224	7.08	69114
90	4887	63810	7.11	68697
91	5001	63529	7.30	68530
92	4871	62626	7.22	67497
93	4797	63166	7.06	67963
94	4707	61804	7.08	66511
95	4928	61912	7.37	66840
96	5091	62054	7.58	67145
97	5017	61482	7.54	66499
98	4938	61089	7.48	66027
99	4730	60798	7.22	65528
100	4937	60917	7.50	65854
101	5007	59946	7.71	64953
102	4931	59807	7.62	64738
103	4892	59880	7.55	64772
104	4889	60394	7.49	65283
105	5020	60313	7.68	65333
106	4984	59279	7.76	64263
107	4998	59925	7.70	64923
108	4911	60192	7.54	65103
109	4932	60221	7.57	65153
110	4789	59604	7.44	64393
111	4958	60020	7.63	64978
112	4992	59684	7.72	64676
113	5040	59706	7.78	64746
114	4734	58891	7.44	63625
115	4861	58821	7.63	63682
116	4747	58753	7.48	63500
117	4756	58156	7.56	62912
118	4795	57565	7.69	62360
119	4735	57495	7.61	62230
120	4770	56803	7.75	61573
121	4696	56791	7.64	61487
122	4794	56040	7.88	60834
123	4571	55903	7.56	60474
124	4546	55020	7.63	59566
125	4453	53729	7.65	58182
126	4421	52418	7.78	56839
127	3905	50499	7.18	54404
128	3856	46488	7.66	50344
129	2378	0	100.00	2378

CHH context
===========
position	count methylated	count unmethylated	% methylation	coverage
1	16592	246347	6.31	262939
2	17747	239436	6.90	257183
3	18437	238723	7.17	257160
4	17593	239356	6.85	256949
5	17952	235753	7.08	253705
6	18848	237290	7.36	256138
7	19501	233820	7.70	253321
8	19162	234235	7.56	253397
9	20143	235892	7.87	256035
10	19812	234265	7.80	254077
11	19998	234004	7.87	254002
12	19817	233717	7.82	253534
13	19651	233596	7.76	253247
14	19744	231792	7.85	251536
15	19643	230221	7.86	249864
16	19835	229546	7.95	249381
17	18983	226934	7.72	245917
18	18763	224512	7.71	243275
19	18803	223102	7.77	241905
20	18703	223725	7.71	242428
21	18807	225099	7.71	243906
22	18829	226236	7.68	245065
23	19034	223974	7.83	243008
24	19509	223992	8.01	243501
25	19395	226985	7.87	246380
26	19516	226077	7.95	245593
27	19388	225141	7.93	244529
28	19183	224336	7.88	243519
29	18913	225402	7.74	244315
30	18941	225145	7.76	244086
31	18714	222993	7.74	241707
32	18996	223498	7.83	242494
33	19155	221192	7.97	240347
34	19686	223007	8.11	242693
35	19520	224182	8.01	243702
36	19175	223203	7.91	242378
37	19915	225067	8.13	244982
38	19296	225091	7.90	244387
39	19775	227133	8.01	246908
40	19420	227905	7.85	247325
41	20202	230321	8.06	250523
42	19947	230688	7.96	250635
43	19885	228566	8.00	248451
44	19729	229924	7.90	249653
45	20300	230636	8.09	250936
46	20467	229567	8.19	250034
47	20169	229924	8.06	250093
48	20128	229103	8.08	249231
49	20547	229445	8.22	249992
50	19959	229345	8.01	249304
51	19920	229351	7.99	249271
52	19885	228335	8.01	248220
53	19559	228364	7.89	247923
54	19840	227762	8.01	247602
55	20032	227795	8.08	247827
56	19876	227897	8.02	247773
57	19986	228427	8.05	248413
58	19780	227918	7.99	247698
59	19677	228600	7.93	248277
60	19558	226991	7.93	246549
61	19340	225555	7.90	244895
62	19519	223568	8.03	243087
63	19059	225281	7.80	244340
64	19253	225159	7.88	244412
65	19422	223622	7.99	243044
66	19590	223041	8.07	242631
67	19645	222748	8.10	242393
68	19179	222941	7.92	242120
69	19236	223425	7.93	242661
70	19645	224556	8.04	244201
71	19524	224405	8.00	243929
72	19753	225188	8.06	244941
73	20170	224405	8.25	244575
74	19910	224940	8.13	244850
75	19762	226013	8.04	245775
76	19305	225377	7.89	244682
77	19933	225752	8.11	245685
78	19197	226818	7.80	246015
79	19561	225761	7.97	245322
80	19401	226342	7.89	245743
81	19436	227154	7.88	246590
82	19080	226355	7.77	245435
83	19138	225203	7.83	244341
84	19286	223897	7.93	243183
85	19317	222804	7.98	242121
86	19209	223091	7.93	242300
87	19439	222252	8.04	241691
88	19051	220737	7.94	239788
89	19330	221119	8.04	240449
90	19735	220402	8.22	240137
91	19629	219721	8.20	239350
92	19329	218506	8.13	237835
93	19776	219075	8.28	238851
94	19224	219090	8.07	238314
95	19137	217910	8.07	237047
96	19242	216956	8.15	236198
97	19295	214707	8.25	234002
98	19089	216375	8.11	235464
99	18765	215648	8.01	234413
100	18699	213563	8.05	232262
101	18979	213892	8.15	232871
102	19360	213129	8.33	232489
103	19104	212925	8.23	232029
104	19567	211494	8.47	231061
105	19202	213065	8.27	232267
106	19008	211472	8.25	230480
107	19286	210202	8.40	229488
108	19389	210833	8.42	230222
109	18804	208449	8.27	227253
110	19112	207552	8.43	226664
111	18742	206521	8.32	225263
112	18247	205950	8.14	224197
113	18406	205038	8.24	223444
114	18487	204162	8.30	222649
115	18471	202666	8.35	221137
116	18293	203272	8.26	221565
117	18485	201525	8.40	220010
118	18505	200997	8.43	219502
119	18105	200224	8.29	218329
120	18191	198960	8.38	217151
121	18154	196740	8.45	214894
122	17871	195048	8.39	212919
123	17696	192891	8.40	210587
124	17662	189857	8.51	207519
125	17145	188110	8.35	205255
126	16543	182835	8.30	199378
127	14644	176708	7.65	191352
128	13276	160609	7.63	173885
129	7126	0	100.00	7126

