CpG context
===========
position	count methylated	count unmethylated	% methylation	coverage
1	6206	3511	63.87	9717
2	6357	3010	67.87	9367
3	6023	2515	70.54	8538
4	5862	2333	71.53	8195
5	5826	2164	72.92	7990
6	5566	2132	72.30	7698
7	5140	1868	73.34	7008
8	5288	1967	72.89	7255
9	5365	1910	73.75	7275
10	5281	1849	74.07	7130
11	5166	1895	73.16	7061
12	5136	1923	72.76	7059
13	5311	1844	74.23	7155
14	5240	1867	73.73	7107
15	5250	1796	74.51	7046
16	5392	1824	74.72	7216
17	5156	1745	74.71	6901
18	5427	1839	74.69	7266
19	5057	1770	74.07	6827
20	5198	1923	73.00	7121
21	5187	1855	73.66	7042
22	5431	1813	74.97	7244
23	5094	1786	74.04	6880
24	5412	1916	73.85	7328
25	5212	1923	73.05	7135
26	5221	1754	74.85	6975
27	5334	1887	73.87	7221
28	5329	1712	75.69	7041
29	5177	1857	73.60	7034
30	5306	1874	73.90	7180
31	5342	1939	73.37	7281
32	5283	1788	74.71	7071
33	5047	1856	73.11	6903
34	5432	1897	74.12	7329
35	5137	1850	73.52	6987
36	5246	1810	74.35	7056
37	5356	1833	74.50	7189
38	5494	1875	74.56	7369
39	5204	1801	74.29	7005
40	5087	1845	73.38	6932
41	5158	1826	73.85	6984
42	5264	1853	73.96	7117
43	5272	1856	73.96	7128
44	5317	1799	74.72	7116
45	5207	1847	73.82	7054
46	5236	1809	74.32	7045
47	5317	1864	74.04	7181
48	5462	1811	75.10	7273
49	5044	1866	73.00	6910
50	5155	1811	74.00	6966
51	5145	1732	74.81	6877
52	5292	1719	75.48	7011
53	5157	1943	72.63	7100
54	5076	1727	74.61	6803
55	5349	1885	73.94	7234
56	5279	1815	74.41	7094
57	5289	1862	73.96	7151
58	5220	1842	73.92	7062
59	5369	1836	74.52	7205
60	5153	1711	75.07	6864
61	5150	1845	73.62	6995
62	5260	1909	73.37	7169
63	5070	1839	73.38	6909
64	5208	1795	74.37	7003
65	5174	1745	74.78	6919
66	4993	1870	72.75	6863
67	5070	1863	73.13	6933
68	4930	1857	72.64	6787
69	5013	1876	72.77	6889
70	5035	1880	72.81	6915
71	4887	1744	73.70	6631
72	4921	1775	73.49	6696
73	5021	1710	74.60	6731
74	5087	1794	73.93	6881
75	4963	1813	73.24	6776
76	4977	1840	73.01	6817
77	5204	1787	74.44	6991
78	4935	1757	73.74	6692
79	5030	1833	73.29	6863
80	5080	1785	74.00	6865
81	4962	1782	73.58	6744
82	4998	1750	74.07	6748
83	5162	1872	73.39	7034
84	5002	1808	73.45	6810
85	5218	1872	73.60	7090
86	4991	1857	72.88	6848
87	5123	1734	74.71	6857
88	5116	1812	73.85	6928
89	4823	1926	71.46	6749
90	4980	1806	73.39	6786
91	4995	1808	73.42	6803
92	5062	1872	73.00	6934
93	5017	1863	72.92	6880
94	4927	1914	72.02	6841
95	4928	1913	72.04	6841
96	4832	1952	71.23	6784
97	4911	1977	71.30	6888
98	4633	1901	70.91	6534
99	4769	2031	70.13	6800
100	4838	2006	70.69	6844
101	4738	2147	68.82	6885
102	4662	2038	69.58	6700
103	4676	2220	67.81	6896
104	4397	2123	67.44	6520
105	4601	2202	67.63	6803
106	4285	2198	66.10	6483
107	4187	2291	64.63	6478
108	4243	2195	65.91	6438
109	4160	2359	63.81	6519
110	4038	2285	63.86	6323
111	3962	2291	63.36	6253
112	3992	2236	64.10	6228
113	3798	2265	62.64	6063
114	3910	2401	61.96	6311
115	3776	2335	61.79	6111
116	3724	2374	61.07	6098
117	3777	2350	61.65	6127
118	3785	2494	60.28	6279
119	3511	2374	59.66	5885
120	3696	2438	60.25	6134
121	3625	2312	61.06	5937
122	3634	2377	60.46	6011
123	3736	2367	61.22	6103
124	3602	2390	60.11	5992
125	3652	2358	60.77	6010
126	3678	2300	61.53	5978
127	3374	2383	58.61	5757
128	3501	2348	59.86	5849
129	3424	2332	59.49	5756
130	3388	2307	59.49	5695
131	3548	2265	61.04	5813
132	3500	2353	59.80	5853
133	3463	2256	60.55	5719
134	3428	2220	60.69	5648
135	3367	2239	60.06	5606
136	3449	2151	61.59	5600
137	3312	2279	59.24	5591
138	3249	2165	60.01	5414
139	3229	2108	60.50	5337
140	3135	2092	59.98	5227
141	3098	2062	60.04	5160
142	3097	1859	62.49	4956
143	3019	1677	64.29	4696
144	2940	1555	65.41	4495
145	2746	859	76.17	3605

CHG context
===========
position	count methylated	count unmethylated	% methylation	coverage
1	4000	27363	12.75	31363
2	2804	27303	9.31	30107
3	2050	28506	6.71	30556
4	1384	29577	4.47	30961
5	998	29090	3.32	30088
6	545	28958	1.85	29503
7	362	29449	1.21	29811
8	342	29980	1.13	30322
9	246	29832	0.82	30078
10	275	29780	0.91	30055
11	224	29699	0.75	29923
12	242	30242	0.79	30484
13	190	29848	0.63	30038
14	264	29593	0.88	29857
15	232	29461	0.78	29693
16	211	29855	0.70	30066
17	231	30085	0.76	30316
18	252	29429	0.85	29681
19	292	29465	0.98	29757
20	263	29733	0.88	29996
21	264	29313	0.89	29577
22	255	29139	0.87	29394
23	340	29581	1.14	29921
24	226	28991	0.77	29217
25	292	28769	1.00	29061
26	264	28995	0.90	29259
27	220	29057	0.75	29277
28	278	28961	0.95	29239
29	289	29135	0.98	29424
30	275	28639	0.95	28914
31	292	28822	1.00	29114
32	273	29149	0.93	29422
33	228	29305	0.77	29533
34	246	28575	0.85	28821
35	250	28753	0.86	29003
36	260	28970	0.89	29230
37	277	29258	0.94	29535
38	310	29348	1.05	29658
39	285	28843	0.98	29128
40	261	28623	0.90	28884
41	235	28674	0.81	28909
42	247	28635	0.86	28882
43	269	28588	0.93	28857
44	279	28527	0.97	28806
45	230	28754	0.79	28984
46	271	28384	0.95	28655
47	235	28638	0.81	28873
48	208	28410	0.73	28618
49	270	28794	0.93	29064
50	219	28892	0.75	29111
51	238	28398	0.83	28636
52	249	28715	0.86	28964
53	267	28603	0.92	28870
54	226	28186	0.80	28412
55	297	28556	1.03	28853
56	279	28825	0.96	29104
57	264	28277	0.92	28541
58	233	28580	0.81	28813
59	260	28493	0.90	28753
60	253	28280	0.89	28533
61	242	28476	0.84	28718
62	244	28737	0.84	28981
63	230	28330	0.81	28560
64	251	28266	0.88	28517
65	281	28646	0.97	28927
66	260	28195	0.91	28455
67	270	28464	0.94	28734
68	238	28075	0.84	28313
69	262	28140	0.92	28402
70	264	28246	0.93	28510
71	212	28325	0.74	28537
72	246	28138	0.87	28384
73	220	28481	0.77	28701
74	231	28082	0.82	28313
75	298	28646	1.03	28944
76	241	28196	0.85	28437
77	277	28604	0.96	28881
78	268	28145	0.94	28413
79	242	28887	0.83	29129
80	235	28479	0.82	28714
81	235	28184	0.83	28419
82	231	28335	0.81	28566
83	276	28430	0.96	28706
84	216	28121	0.76	28337
85	221	27896	0.79	28117
86	224	28449	0.78	28673
87	281	28007	0.99	28288
88	231	27929	0.82	28160
89	263	28118	0.93	28381
90	214	27988	0.76	28202
91	280	28098	0.99	28378
92	270	27936	0.96	28206
93	240	28104	0.85	28344
94	226	27474	0.82	27700
95	245	27776	0.87	28021
96	272	27673	0.97	27945
97	232	27374	0.84	27606
98	276	27687	0.99	27963
99	249	27786	0.89	28035
100	223	28099	0.79	28322
101	270	27825	0.96	28095
102	279	27587	1.00	27866
103	233	27309	0.85	27542
104	249	27438	0.90	27687
105	237	27596	0.85	27833
106	222	27512	0.80	27734
107	258	27387	0.93	27645
108	265	27564	0.95	27829
109	273	27644	0.98	27917
110	284	27592	1.02	27876
111	249	27475	0.90	27724
112	288	27066	1.05	27354
113	243	27536	0.87	27779
114	282	26814	1.04	27096
115	249	27156	0.91	27405
116	299	26618	1.11	26917
117	301	26880	1.11	27181
118	241	26941	0.89	27182
119	271	26942	1.00	27213
120	285	26386	1.07	26671
121	266	26730	0.99	26996
122	257	26508	0.96	26765
123	315	26384	1.18	26699
124	253	26027	0.96	26280
125	317	26279	1.19	26596
126	298	25639	1.15	25937
127	296	26311	1.11	26607
128	371	26502	1.38	26873
129	362	25658	1.39	26020
130	347	25761	1.33	26108
131	326	25642	1.26	25968
132	377	25975	1.43	26352
133	334	25653	1.29	25987
134	380	25120	1.49	25500
135	364	24932	1.44	25296
136	377	24994	1.49	25371
137	354	24471	1.43	24825
138	369	24655	1.47	25024
139	362	24357	1.46	24719
140	371	23585	1.55	23956
141	394	23313	1.66	23707
142	341	22009	1.53	22350
143	263	18781	1.38	19044
144	270	18859	1.41	19129
145	156	14241	1.08	14397

CHH context
===========
position	count methylated	count unmethylated	% methylation	coverage
1	13328	64957	17.02	78285
2	10000	70318	12.45	80318
3	7365	75539	8.88	82904
4	5032	80216	5.90	85248
5	3401	81562	4.00	84963
6	2417	83791	2.80	86208
7	1402	85817	1.61	87219
8	1224	85492	1.41	86716
9	992	84524	1.16	85516
10	944	84733	1.10	85677
11	855	84897	1.00	85752
12	941	83686	1.11	84627
13	865	84424	1.01	85289
14	829	84245	0.97	85074
15	937	84209	1.10	85146
16	826	84267	0.97	85093
17	874	83249	1.04	84123
18	921	84332	1.08	85253
19	973	83413	1.15	84386
20	935	84057	1.10	84992
21	814	83177	0.97	83991
22	805	83978	0.95	84783
23	801	83430	0.95	84231
24	885	83699	1.05	84584
25	915	84134	1.08	85049
26	943	83920	1.11	84863
27	863	83911	1.02	84774
28	955	84556	1.12	85511
29	898	83600	1.06	84498
30	842	83473	1.00	84315
31	1010	83868	1.19	84878
32	960	84049	1.13	85009
33	869	84210	1.02	85079
34	972	83625	1.15	84597
35	963	83916	1.13	84879
36	914	84471	1.07	85385
37	912	84010	1.07	84922
38	975	83553	1.15	84528
39	981	83988	1.15	84969
40	1001	84707	1.17	85708
41	906	85000	1.05	85906
42	955	84687	1.12	85642
43	958	84345	1.12	85303
44	940	84224	1.10	85164
45	902	84764	1.05	85666
46	934	84172	1.10	85106
47	813	84056	0.96	84869
48	878	84505	1.03	85383
49	874	84460	1.02	85334
50	930	84699	1.09	85629
51	836	85238	0.97	86074
52	953	85129	1.11	86082
53	844	85039	0.98	85883
54	823	85300	0.96	86123
55	904	85052	1.05	85956
56	976	85415	1.13	86391
57	923	85122	1.07	86045
58	861	85257	1.00	86118
59	963	85423	1.11	86386
60	861	86452	0.99	87313
61	978	85567	1.13	86545
62	859	85452	1.00	86311
63	943	84659	1.10	85602
64	836	85513	0.97	86349
65	931	85433	1.08	86364
66	926	85229	1.07	86155
67	923	85278	1.07	86201
68	903	85149	1.05	86052
69	869	84766	1.01	85635
70	889	84790	1.04	85679
71	943	84581	1.10	85524
72	809	84790	0.95	85599
73	853	84446	1.00	85299
74	912	84271	1.07	85183
75	923	83292	1.10	84215
76	920	83806	1.09	84726
77	891	84461	1.04	85352
78	850	83560	1.01	84410
79	850	84146	1.00	84996
80	898	84032	1.06	84930
81	922	84580	1.08	85502
82	833	84334	0.98	85167
83	891	84039	1.05	84930
84	828	84013	0.98	84841
85	830	84726	0.97	85556
86	908	84669	1.06	85577
87	916	84071	1.08	84987
88	836	84850	0.98	85686
89	890	85206	1.03	86096
90	944	85451	1.09	86395
91	913	84552	1.07	85465
92	888	85236	1.03	86124
93	875	84103	1.03	84978
94	906	85016	1.05	85922
95	832	85423	0.96	86255
96	908	85271	1.05	86179
97	881	85490	1.02	86371
98	905	85702	1.04	86607
99	883	86087	1.02	86970
100	911	85942	1.05	86853
101	799	84289	0.94	85088
102	821	84951	0.96	85772
103	816	84748	0.95	85564
104	810	85402	0.94	86212
105	834	84876	0.97	85710
106	828	85005	0.96	85833
107	819	85302	0.95	86121
108	859	85513	0.99	86372
109	815	85127	0.95	85942
110	784	84799	0.92	85583
111	816	83718	0.97	84534
112	812	85114	0.94	85926
113	827	84236	0.97	85063
114	940	83864	1.11	84804
115	800	84075	0.94	84875
116	858	83942	1.01	84800
117	808	83907	0.95	84715
118	832	84361	0.98	85193
119	788	82792	0.94	83580
120	902	83495	1.07	84397
121	842	83981	0.99	84823
122	836	83219	0.99	84055
123	950	82648	1.14	83598
124	854	83996	1.01	84850
125	970	82438	1.16	83408
126	875	83240	1.04	84115
127	953	82713	1.14	83666
128	978	82459	1.17	83437
129	990	82238	1.19	83228
130	1008	81444	1.22	82452
131	1016	82286	1.22	83302
132	932	81543	1.13	82475
133	953	81281	1.16	82234
134	1066	80144	1.31	81210
135	1033	80286	1.27	81319
136	938	79861	1.16	80799
137	1020	79011	1.27	80031
138	1064	78628	1.34	79692
139	1104	78390	1.39	79494
140	950	76730	1.22	77680
141	1117	75654	1.45	76771
142	925	73565	1.24	74490
143	951	71647	1.31	72598
144	768	65987	1.15	66755
145	484	51648	0.93	52132

