CpG context
===========
position	count methylated	count unmethylated	% methylation	coverage
1	20684	4837	81.05	25521
2	21249	4747	81.74	25996
3	22616	4737	82.68	27353
4	22018	4807	82.08	26825
5	21774	4602	82.55	26376
6	21933	4613	82.62	26546
7	22042	4795	82.13	26837
8	22490	4695	82.73	27185
9	21327	4626	82.18	25953
10	22324	4659	82.73	26983
11	22230	4699	82.55	26929
12	22305	4802	82.29	27107
13	22826	4551	83.38	27377
14	22634	4896	82.22	27530
15	22493	4886	82.15	27379
16	22253	4627	82.79	26880
17	21826	4513	82.87	26339
18	22258	4789	82.29	27047
19	22634	4632	83.01	27266
20	22558	4745	82.62	27303
21	22022	4631	82.62	26653
22	21981	4626	82.61	26607
23	22011	4662	82.52	26673
24	22891	4750	82.82	27641
25	23015	4713	83.00	27728
26	22973	4662	83.13	27635
27	22370	4814	82.29	27184
28	22378	4524	83.18	26902
29	21882	4582	82.69	26464
30	21938	4776	82.12	26714
31	21500	4648	82.22	26148
32	21152	4441	82.65	25593
33	21282	4621	82.16	25903
34	21477	4850	81.58	26327
35	21826	4576	82.67	26402
36	21359	4620	82.22	25979
37	21348	4605	82.26	25953
38	20953	4620	81.93	25573
39	20892	4552	82.11	25444
40	21180	4502	82.47	25682
41	19836	4566	81.29	24402
42	20328	4672	81.31	25000
43	20338	4608	81.53	24946
44	19817	4546	81.34	24363
45	20164	4540	81.62	24704
46	19558	4510	81.26	24068
47	20169	4712	81.06	24881
48	19944	4583	81.31	24527
49	20323	4562	81.67	24885
50	21032	4654	81.88	25686
51	20592	4525	81.98	25117
52	20698	4455	82.29	25153
53	20099	4700	81.05	24799
54	20135	4577	81.48	24712
55	20097	4359	82.18	24456
56	19633	4383	81.75	24016
57	20363	4477	81.98	24840
58	20639	4557	81.91	25196
59	20364	4417	82.18	24781
60	20276	4527	81.75	24803
61	20353	4370	82.32	24723
62	20441	4417	82.23	24858
63	20265	4246	82.68	24511
64	19862	4601	81.19	24463
65	19824	4316	82.12	24140
66	19946	4475	81.68	24421
67	19900	4511	81.52	24411
68	19653	4299	82.05	23952
69	20302	4376	82.27	24678
70	20075	4420	81.96	24495
71	19837	4496	81.52	24333
72	19975	4440	81.81	24415
73	20021	4390	82.02	24411
74	19587	4281	82.06	23868
75	19814	4318	82.11	24132
76	20147	4451	81.91	24598
77	20619	4467	82.19	25086
78	19508	4256	82.09	23764
79	20077	4319	82.30	24396
80	20508	4265	82.78	24773
81	20099	4211	82.68	24310
82	20161	4309	82.39	24470
83	19963	4363	82.06	24326
84	20115	4323	82.31	24438
85	20120	4357	82.20	24477
86	19691	4276	82.16	23967
87	19324	4257	81.95	23581
88	19964	4271	82.38	24235
89	20262	4224	82.75	24486
90	19540	4340	81.83	23880
91	19691	4309	82.05	24000
92	19651	4210	82.36	23861
93	19815	4294	82.19	24109
94	19904	4171	82.67	24075
95	19373	4170	82.29	23543
96	19722	4113	82.74	23835
97	19369	4064	82.66	23433
98	19476	4157	82.41	23633
99	19807	4138	82.72	23945
100	19654	4075	82.83	23729
101	19498	4077	82.71	23575
102	19362	3919	83.17	23281
103	19173	4034	82.62	23207
104	19166	3857	83.25	23023
105	18962	3899	82.94	22861
106	19048	3890	83.04	22938
107	19151	3827	83.34	22978
108	19406	3928	83.17	23334
109	19024	4002	82.62	23026
110	19383	3922	83.17	23305
111	18965	3804	83.29	22769
112	19505	3806	83.67	23311
113	18788	3858	82.96	22646
114	18890	4082	82.23	22972
115	18912	3764	83.40	22676
116	18765	4115	82.01	22880
117	18549	3663	83.51	22212
118	18886	3867	83.00	22753
119	18910	3637	83.87	22547
120	19015	3684	83.77	22699
121	18805	3706	83.54	22511
122	18918	3709	83.61	22627
123	18432	3773	83.01	22205
124	18252	3739	83.00	21991
125	18726	3710	83.46	22436
126	18313	3690	83.23	22003
127	17190	3480	83.16	20670
128	17203	3058	84.91	20261
129	15154	0	100.00	15154

CHG context
===========
position	count methylated	count unmethylated	% methylation	coverage
1	4008	105951	3.64	109959
2	4194	106995	3.77	111189
3	4440	107417	3.97	111857
4	4020	108342	3.58	112362
5	3904	104291	3.61	108195
6	3908	102165	3.68	106073
7	3968	104038	3.67	108006
8	4002	101262	3.80	105264
9	4187	102315	3.93	106502
10	4219	102355	3.96	106574
11	4062	101127	3.86	105189
12	4328	101620	4.09	105948
13	4113	101775	3.88	105888
14	4096	98981	3.97	103077
15	4141	99668	3.99	103809
16	4067	101244	3.86	105311
17	4030	99148	3.91	103178
18	4063	98484	3.96	102547
19	4368	101068	4.14	105436
20	4116	99748	3.96	103864
21	4138	100693	3.95	104831
22	4084	99377	3.95	103461
23	4107	100432	3.93	104539
24	4122	102487	3.87	106609
25	4266	99930	4.09	104196
26	3953	98371	3.86	102324
27	4268	98970	4.13	103238
28	4094	99580	3.95	103674
29	4248	100259	4.06	104507
30	4331	102090	4.07	106421
31	4300	101115	4.08	105415
32	4213	101696	3.98	105909
33	4330	99967	4.15	104297
34	4241	99933	4.07	104174
35	4333	98367	4.22	102700
36	4298	98918	4.16	103216
37	4281	98201	4.18	102482
38	4305	99343	4.15	103648
39	4521	99703	4.34	104224
40	4302	99787	4.13	104089
41	4305	99266	4.16	103571
42	4321	98589	4.20	102910
43	4280	99421	4.13	103701
44	4370	100575	4.16	104945
45	4441	101810	4.18	106251
46	4279	98740	4.15	103019
47	4366	98074	4.26	102440
48	4330	99252	4.18	103582
49	4347	97561	4.27	101908
50	4268	98031	4.17	102299
51	4331	99524	4.17	103855
52	4214	97384	4.15	101598
53	4139	96893	4.10	101032
54	4231	96793	4.19	101024
55	4282	96368	4.25	100650
56	4027	96408	4.01	100435
57	4260	98179	4.16	102439
58	4282	98698	4.16	102980
59	4185	99002	4.06	103187
60	4402	97991	4.30	102393
61	4309	96326	4.28	100635
62	4186	97714	4.11	101900
63	4147	98841	4.03	102988
64	4250	98626	4.13	102876
65	4155	98297	4.06	102452
66	4353	97804	4.26	102157
67	4212	97763	4.13	101975
68	4445	97576	4.36	102021
69	4233	98416	4.12	102649
70	4085	98068	4.00	102153
71	4064	97119	4.02	101183
72	4216	96754	4.18	100970
73	4222	95921	4.22	100143
74	4253	96943	4.20	101196
75	4117	96704	4.08	100821
76	4244	96020	4.23	100264
77	4246	98289	4.14	102535
78	4022	97445	3.96	101467
79	4192	97890	4.11	102082
80	4236	97357	4.17	101593
81	4168	98594	4.06	102762
82	3926	95748	3.94	99674
83	4130	96462	4.11	100592
84	4211	95281	4.23	99492
85	4211	94626	4.26	98837
86	4114	95057	4.15	99171
87	3966	94290	4.04	98256
88	4185	95110	4.21	99295
89	4105	95088	4.14	99193
90	4011	92829	4.14	96840
91	4136	92985	4.26	97121
92	4097	92633	4.24	96730
93	4242	93400	4.34	97642
94	4066	92015	4.23	96081
95	4191	92290	4.34	96481
96	4202	92682	4.34	96884
97	4201	92464	4.35	96665
98	4207	91617	4.39	95824
99	4223	91348	4.42	95571
100	4445	91971	4.61	96416
101	4098	91323	4.29	95421
102	4263	90353	4.51	94616
103	4128	89373	4.41	93501
104	4212	90155	4.46	94367
105	4105	89881	4.37	93986
106	4095	89655	4.37	93750
107	4332	89966	4.59	94298
108	4359	90992	4.57	95351
109	4259	90136	4.51	94395
110	4421	90508	4.66	94929
111	4330	90495	4.57	94825
112	4165	89363	4.45	93528
113	4206	89259	4.50	93465
114	4220	87637	4.59	91857
115	4273	89039	4.58	93312
116	4268	89508	4.55	93776
117	4361	88200	4.71	92561
118	4419	87458	4.81	91877
119	4192	88231	4.54	92423
120	4156	86757	4.57	90913
121	4071	86319	4.50	90390
122	4267	84564	4.80	88831
123	4127	84810	4.64	88937
124	4105	84027	4.66	88132
125	3974	82448	4.60	86422
126	3984	80428	4.72	84412
127	3900	78577	4.73	82477
128	3722	70630	5.01	74352
129	2971	0	100.00	2971

CHH context
===========
position	count methylated	count unmethylated	% methylation	coverage
1	15332	335961	4.36	351293
2	15922	326625	4.65	342547
3	16539	324859	4.84	341398
4	14967	326923	4.38	341890
5	15046	320180	4.49	335226
6	16099	319404	4.80	335503
7	16338	316071	4.92	332409
8	16658	312463	5.06	329121
9	17050	316412	5.11	333462
10	16894	314158	5.10	331052
11	16809	311388	5.12	328197
12	16563	313316	5.02	329879
13	16475	316071	4.95	332546
14	16350	312207	4.98	328557
15	16467	310756	5.03	327223
16	16548	311367	5.05	327915
17	16023	311712	4.89	327735
18	15879	306614	4.92	322493
19	15981	302956	5.01	318937
20	16128	303811	5.04	319939
21	16230	308459	5.00	324689
22	15613	312379	4.76	327992
23	16050	309988	4.92	326038
24	16413	307721	5.06	324134
25	16668	311876	5.07	328544
26	16848	311296	5.13	328144
27	16859	307923	5.19	324782
28	17010	308083	5.23	325093
29	16732	309323	5.13	326055
30	16623	309877	5.09	326500
31	16490	310737	5.04	327227
32	16864	311930	5.13	328794
33	16629	312636	5.05	329265
34	16538	310720	5.05	327258
35	17019	313389	5.15	330408
36	16628	311867	5.06	328495
37	17115	310657	5.22	327772
38	16902	310985	5.15	327887
39	17029	313385	5.15	330414
40	17013	314898	5.13	331911
41	17260	315340	5.19	332600
42	17137	313994	5.18	331131
43	16753	311526	5.10	328279
44	16956	315957	5.09	332913
45	16888	317736	5.05	334624
46	17077	314202	5.15	331279
47	17392	314771	5.24	332163
48	16670	313825	5.04	330495
49	16817	312907	5.10	329724
50	17326	311108	5.28	328434
51	17030	313676	5.15	330706
52	17167	313297	5.19	330464
53	16878	310187	5.16	327065
54	16768	312291	5.10	329059
55	16716	310191	5.11	326907
56	16627	308130	5.12	324757
57	16662	310204	5.10	326866
58	17137	308647	5.26	325784
59	16678	310576	5.10	327254
60	17148	313289	5.19	330437
61	16632	310418	5.09	327050
62	17096	308430	5.25	325526
63	16759	310133	5.13	326892
64	16896	311662	5.14	328558
65	16574	310747	5.06	327321
66	16728	308323	5.15	325051
67	16552	308497	5.09	325049
68	16436	306962	5.08	323398
69	16484	309611	5.05	326095
70	16857	310720	5.15	327577
71	16631	312484	5.05	329115
72	16707	314311	5.05	331018
73	17108	312635	5.19	329743
74	17059	311754	5.19	328813
75	16989	312385	5.16	329374
76	16721	312308	5.08	329029
77	16645	309105	5.11	325750
78	16129	307023	4.99	323152
79	16346	307375	5.05	323721
80	16230	308839	4.99	325069
81	15977	312094	4.87	328071
82	16151	311352	4.93	327503
83	16275	308180	5.02	324455
84	16217	306799	5.02	323016
85	16751	304523	5.21	321274
86	16401	306113	5.09	322514
87	16455	304699	5.12	321154
88	16111	305217	5.01	321328
89	16843	303586	5.26	320429
90	16618	303320	5.19	319938
91	16608	303216	5.19	319824
92	16759	301914	5.26	318673
93	16837	301900	5.28	318737
94	16512	303510	5.16	320022
95	16804	303593	5.24	320397
96	16829	301323	5.29	318152
97	16841	300546	5.31	317387
98	16599	301641	5.22	318240
99	16799	298823	5.32	315622
100	17267	297968	5.48	315235
101	16826	298180	5.34	315006
102	16957	299132	5.36	316089
103	17024	299311	5.38	316335
104	16663	298390	5.29	315053
105	16840	298848	5.33	315688
106	17215	295938	5.50	313153
107	17363	295962	5.54	313325
108	16989	295946	5.43	312935
109	17140	295126	5.49	312266
110	16907	292026	5.47	308933
111	17205	291659	5.57	308864
112	17183	293780	5.53	310963
113	17031	291742	5.52	308773
114	16567	290504	5.40	307071
115	16794	289122	5.49	305916
116	16884	290435	5.49	307319
117	16394	288828	5.37	305222
118	17006	287723	5.58	304729
119	16705	286122	5.52	302827
120	16655	285369	5.51	302024
121	16757	283403	5.58	300160
122	16990	280373	5.71	297363
123	16672	279101	5.64	295773
124	16398	276857	5.59	293255
125	16001	272377	5.55	288378
126	15439	266500	5.48	281939
127	14003	255550	5.19	269553
128	13470	230536	5.52	244006
129	9349	0	100.00	9349

