CpG context
===========
position	count methylated	count unmethylated	% methylation	coverage
1	982	209	82.45	1191
2	402	90	81.71	492
3	346	72	82.78	418
4	248	60	80.52	308
5	271	84	76.34	355
6	240	42	85.11	282
7	177	50	77.97	227
8	232	61	79.18	293
9	295	71	80.60	366
10	465	98	82.59	563
11	333	78	81.02	411
12	441	73	85.80	514
13	533	84	86.39	617
14	374	60	86.18	434
15	386	81	82.66	467
16	483	95	83.56	578
17	472	126	78.93	598
18	383	80	82.72	463
19	313	83	79.04	396
20	297	55	84.38	352
21	277	46	85.76	323
22	298	56	84.18	354
23	359	45	88.86	404
24	263	61	81.17	324
25	290	41	87.61	331
26	256	55	82.32	311
27	381	53	87.79	434
28	429	101	80.94	530
29	663	99	87.01	762
30	373	71	84.01	444
31	642	102	86.29	744
32	493	85	85.29	578
33	422	53	88.84	475
34	267	33	89.00	300
35	300	44	87.21	344
36	349	65	84.30	414
37	304	65	82.38	369
38	327	62	84.06	389
39	443	59	88.25	502
40	712	91	88.67	803
41	783	107	87.98	890
42	392	63	86.15	455
43	459	83	84.69	542
44	443	80	84.70	523
45	353	77	82.09	430
46	277	63	81.47	340
47	439	100	81.45	539
48	295	57	83.81	352
49	438	69	86.39	507
50	332	62	84.26	394
51	488	70	87.46	558
52	673	99	87.18	772
53	269	62	81.27	331
54	330	68	82.91	398
55	377	78	82.86	455
56	409	81	83.47	490
57	462	87	84.15	549
58	555	106	83.96	661
59	885	134	86.85	1019
60	582	101	85.21	683
61	495	80	86.09	575
62	223	54	80.51	277
63	319	56	85.07	375
64	244	71	77.46	315
65	240	40	85.71	280
66	233	43	84.42	276
67	296	73	80.22	369
68	340	78	81.34	418
69	375	78	82.78	453
70	421	67	86.27	488
71	446	59	88.32	505
72	413	74	84.80	487
73	428	83	83.76	511
74	424	76	84.80	500
75	388	81	82.73	469
76	335	54	86.12	389
77	477	85	84.88	562
78	347	67	83.82	414
79	294	43	87.24	337
80	224	41	84.53	265
81	270	42	86.54	312
82	342	56	85.93	398
83	319	60	84.17	379
84	295	50	85.51	345
85	363	58	86.22	421
86	425	81	83.99	506
87	584	108	84.39	692
88	469	95	83.16	564
89	670	110	85.90	780
90	336	67	83.37	403
91	327	65	83.42	392
92	264	49	84.35	313
93	243	39	86.17	282
94	255	39	86.73	294
95	273	42	86.67	315
96	313	55	85.05	368
97	415	81	83.67	496
98	596	85	87.52	681
99	522	92	85.02	614
100	471	78	85.79	549
101	471	75	86.26	546
102	417	64	86.69	481
103	317	64	83.20	381
104	319	62	83.73	381
105	387	90	81.13	477
106	305	79	79.43	384
107	321	83	79.46	404
108	247	56	81.52	303
109	372	78	82.67	450
110	481	82	85.44	563
111	304	59	83.75	363
112	350	73	82.74	423
113	382	73	83.96	455
114	384	88	81.36	472
115	387	87	81.65	474
116	441	110	80.04	551
117	471	100	82.49	571
118	349	90	79.50	439
119	334	93	78.22	427
120	384	55	87.47	439
121	246	60	80.39	306
122	211	54	79.62	265
123	178	54	76.72	232
124	195	58	77.08	253
125	220	49	81.78	269
126	229	67	77.36	296
127	290	67	81.23	357
128	311	63	83.16	374
129	195	0	100.00	195

CHG context
===========
position	count methylated	count unmethylated	% methylation	coverage
1	16	1062	1.48	1078
2	18	1346	1.32	1364
3	23	1446	1.57	1469
4	15	1174	1.26	1189
5	11	938	1.16	949
6	8	882	0.90	890
7	16	905	1.74	921
8	17	1026	1.63	1043
9	16	1002	1.57	1018
10	9	1132	0.79	1141
11	20	1115	1.76	1135
12	23	1061	2.12	1084
13	19	1161	1.61	1180
14	20	975	2.01	995
15	14	851	1.62	865
16	18	919	1.92	937
17	16	996	1.58	1012
18	10	1027	0.96	1037
19	14	1097	1.26	1111
20	13	1175	1.09	1188
21	19	1379	1.36	1398
22	28	1435	1.91	1463
23	23	1375	1.65	1398
24	17	1283	1.31	1300
25	22	1067	2.02	1089
26	13	910	1.41	923
27	17	778	2.14	795
28	11	830	1.31	841
29	16	931	1.69	947
30	17	1012	1.65	1029
31	34	1163	2.84	1197
32	23	1282	1.76	1305
33	18	1345	1.32	1363
34	17	1029	1.63	1046
35	10	863	1.15	873
36	14	897	1.54	911
37	15	933	1.58	948
38	11	936	1.16	947
39	12	913	1.30	925
40	22	1252	1.73	1274
41	23	1169	1.93	1192
42	18	1254	1.42	1272
43	19	844	2.20	863
44	11	921	1.18	932
45	15	920	1.60	935
46	16	1011	1.56	1027
47	18	1056	1.68	1074
48	18	1172	1.51	1190
49	28	1344	2.04	1372
50	35	1564	2.19	1599
51	30	1516	1.94	1546
52	20	1261	1.56	1281
53	19	1125	1.66	1144
54	19	1027	1.82	1046
55	14	952	1.45	966
56	16	820	1.91	836
57	14	803	1.71	817
58	16	864	1.82	880
59	17	1068	1.57	1085
60	13	1313	0.98	1326
61	24	1364	1.73	1388
62	26	1288	1.98	1314
63	15	1020	1.45	1035
64	17	979	1.71	996
65	15	915	1.61	930
66	13	978	1.31	991
67	13	959	1.34	972
68	16	1115	1.41	1131
69	11	1021	1.07	1032
70	11	1110	0.98	1121
71	21	1106	1.86	1127
72	26	950	2.66	976
73	12	913	1.30	925
74	19	896	2.08	915
75	24	913	2.56	937
76	13	892	1.44	905
77	16	951	1.65	967
78	17	1108	1.51	1125
79	20	1169	1.68	1189
80	19	1120	1.67	1139
81	16	1156	1.37	1172
82	29	1325	2.14	1354
83	23	1133	1.99	1156
84	9	919	0.97	928
85	15	823	1.79	838
86	15	764	1.93	779
87	17	824	2.02	841
88	15	821	1.79	836
89	22	844	2.54	866
90	12	967	1.23	979
91	23	965	2.33	988
92	13	998	1.29	1011
93	14	1078	1.28	1092
94	12	797	1.48	809
95	10	770	1.28	780
96	13	888	1.44	901
97	7	973	0.71	980
98	23	1110	2.03	1133
99	17	1191	1.41	1208
100	21	1120	1.84	1141
101	13	906	1.41	919
102	14	832	1.65	846
103	13	867	1.48	880
104	12	988	1.20	1000
105	17	965	1.73	982
106	11	966	1.13	977
107	20	1035	1.90	1055
108	16	1260	1.25	1276
109	21	1373	1.51	1394
110	25	1366	1.80	1391
111	23	1150	1.96	1173
112	14	1062	1.30	1076
113	17	939	1.78	956
114	10	839	1.18	849
115	9	834	1.07	843
116	9	822	1.08	831
117	16	786	2.00	802
118	12	867	1.37	879
119	22	984	2.19	1006
120	19	1163	1.61	1182
121	17	1141	1.47	1158
122	16	896	1.75	912
123	18	732	2.40	750
124	24	933	2.51	957
125	12	865	1.37	877
126	18	1037	1.71	1055
127	21	1108	1.86	1129
128	16	987	1.60	1003
129	8	0	100.00	8

CHH context
===========
position	count methylated	count unmethylated	% methylation	coverage
1	77	4468	1.69	4545
2	65	4181	1.53	4246
3	86	4284	1.97	4370
4	85	4083	2.04	4168
5	56	4111	1.34	4167
6	71	4002	1.74	4073
7	92	3949	2.28	4041
8	69	4198	1.62	4267
9	66	3829	1.69	3895
10	85	4677	1.78	4762
11	83	4144	1.96	4227
12	90	4575	1.93	4665
13	68	4314	1.55	4382
14	86	3915	2.15	4001
15	98	4163	2.30	4261
16	100	4029	2.42	4129
17	93	3867	2.35	3960
18	90	4026	2.19	4116
19	93	4205	2.16	4298
20	73	3883	1.85	3956
21	95	4215	2.20	4310
22	121	3775	3.11	3896
23	111	3821	2.82	3932
24	147	4338	3.28	4485
25	102	4932	2.03	5034
26	115	5395	2.09	5510
27	71	4720	1.48	4791
28	82	4888	1.65	4970
29	100	4605	2.13	4705
30	77	4324	1.75	4401
31	97	4459	2.13	4556
32	86	4393	1.92	4479
33	62	4840	1.26	4902
34	93	4779	1.91	4872
35	84	4228	1.95	4312
36	64	4407	1.43	4471
37	79	4491	1.73	4570
38	91	4792	1.86	4883
39	95	4564	2.04	4659
40	102	4588	2.17	4690
41	91	4747	1.88	4838
42	94	4880	1.89	4974
43	84	4884	1.69	4968
44	81	4454	1.79	4535
45	68	4006	1.67	4074
46	69	3652	1.85	3721
47	84	3719	2.21	3803
48	68	3788	1.76	3856
49	67	4420	1.49	4487
50	76	4215	1.77	4291
51	70	3726	1.84	3796
52	84	3900	2.11	3984
53	74	3887	1.87	3961
54	83	4351	1.87	4434
55	85	4543	1.84	4628
56	86	4989	1.69	5075
57	81	4849	1.64	4930
58	107	4798	2.18	4905
59	77	4314	1.75	4391
60	83	4411	1.85	4494
61	76	4561	1.64	4637
62	66	4116	1.58	4182
63	64	4130	1.53	4194
64	68	3945	1.69	4013
65	94	4066	2.26	4160
66	76	4068	1.83	4144
67	69	4067	1.67	4136
68	83	4673	1.75	4756
69	65	4665	1.37	4730
70	102	4610	2.16	4712
71	76	4433	1.69	4509
72	86	4275	1.97	4361
73	77	4307	1.76	4384
74	96	4234	2.22	4330
75	93	4398	2.07	4491
76	82	4166	1.93	4248
77	78	4244	1.80	4322
78	69	4002	1.69	4071
79	78	4225	1.81	4303
80	85	4035	2.06	4120
81	75	3937	1.87	4012
82	105	4145	2.47	4250
83	65	4490	1.43	4555
84	82	5016	1.61	5098
85	71	4780	1.46	4851
86	86	5091	1.66	5177
87	75	4592	1.61	4667
88	73	4555	1.58	4628
89	96	4466	2.10	4562
90	94	4426	2.08	4520
91	97	5094	1.87	5191
92	85	4828	1.73	4913
93	86	4542	1.86	4628
94	91	4510	1.98	4601
95	86	4346	1.94	4432
96	104	4598	2.21	4702
97	98	4654	2.06	4752
98	84	4764	1.73	4848
99	74	4614	1.58	4688
100	80	4854	1.62	4934
101	79	5020	1.55	5099
102	78	4862	1.58	4940
103	88	4446	1.94	4534
104	65	3943	1.62	4008
105	66	3963	1.64	4029
106	72	4063	1.74	4135
107	92	4422	2.04	4514
108	64	4267	1.48	4331
109	81	4007	1.98	4088
110	87	3895	2.18	3982
111	66	3807	1.70	3873
112	79	4159	1.86	4238
113	77	4347	1.74	4424
114	64	4777	1.32	4841
115	94	4840	1.91	4934
116	74	4962	1.47	5036
117	80	4623	1.70	4703
118	87	4917	1.74	5004
119	79	4895	1.59	4974
120	55	4557	1.19	4612
121	85	4367	1.91	4452
122	76	3993	1.87	4069
123	63	3831	1.62	3894
124	58	3646	1.57	3704
125	80	3902	2.01	3982
126	64	4085	1.54	4149
127	64	4008	1.57	4072
128	56	4135	1.34	4191
129	30	0	100.00	30

