CpG context
===========
position	count methylated	count unmethylated	% methylation	coverage
1	55264	15959	77.59	71223
2	56935	16372	77.67	73307
3	59061	17138	77.51	76199
4	59542	17142	77.65	76684
5	58396	16078	78.41	74474
6	59545	16011	78.81	75556
7	61727	16318	79.09	78045
8	62578	15988	79.65	78566
9	61352	15755	79.57	77107
10	63241	16422	79.39	79663
11	61815	15630	79.82	77445
12	59854	16201	78.70	76055
13	60637	15668	79.47	76305
14	63891	15799	80.17	79690
15	64800	16423	79.78	81223
16	61331	15824	79.49	77155
17	60373	15969	79.08	76342
18	61843	15978	79.47	77821
19	64171	15708	80.34	79879
20	60766	15498	79.68	76264
21	63220	15602	80.21	78822
22	60208	15375	79.66	75583
23	64775	15463	80.73	80238
24	65651	16144	80.26	81795
25	64151	16056	79.98	80207
26	63148	16423	79.36	79571
27	60514	15767	79.33	76281
28	59748	16067	78.81	75815
29	59481	15856	78.95	75337
30	60301	16212	78.81	76513
31	59805	15826	79.07	75631
32	56938	15487	78.62	72425
33	59131	15965	78.74	75096
34	58664	15518	79.08	74182
35	58489	15356	79.21	73845
36	59118	15850	78.86	74968
37	61269	15972	79.32	77241
38	58938	15448	79.23	74386
39	57566	15474	78.81	73040
40	59771	15820	79.07	75591
41	57111	15636	78.51	72747
42	55504	15737	77.91	71241
43	56868	15565	78.51	72433
44	56489	15069	78.94	71558
45	55326	15743	77.85	71069
46	55226	15347	78.25	70573
47	55931	15633	78.16	71564
48	55175	15203	78.40	70378
49	55296	15690	77.90	70986
50	56187	15690	78.17	71877
51	55031	15299	78.25	70330
52	54248	14949	78.40	69197
53	56549	15662	78.31	72211
54	56989	15210	78.93	72199
55	57620	15229	79.10	72849
56	53276	14786	78.28	68062
57	57884	15476	78.90	73360
58	53733	14759	78.45	68492
59	56543	14882	79.16	71425
60	56889	15105	79.02	71994
61	57909	15323	79.08	73232
62	57293	15043	79.20	72336
63	55936	15752	78.03	71688
64	54405	14927	78.47	69332
65	55309	14760	78.94	70069
66	56348	14858	79.13	71206
67	55440	14915	78.80	70355
68	55904	15407	78.39	71311
69	55026	14799	78.81	69825
70	55140	15124	78.48	70264
71	55229	15346	78.26	70575
72	57669	14693	79.70	72362
73	55718	14575	79.27	70293
74	53515	14474	78.71	67989
75	54859	14322	79.30	69181
76	54181	14870	78.47	69051
77	54334	14488	78.95	68822
78	52298	14212	78.63	66510
79	53877	14953	78.28	68830
80	54033	14119	79.28	68152
81	53903	14298	79.04	68201
82	52135	14193	78.60	66328
83	54622	14434	79.10	69056
84	54664	14251	79.32	68915
85	53522	14244	78.98	67766
86	51743	13966	78.75	65709
87	53638	14884	78.28	68522
88	54299	13958	79.55	68257
89	54864	14710	78.86	69574
90	54610	14206	79.36	68816
91	53979	14792	78.49	68771
92	54715	14373	79.20	69088
93	53959	14185	79.18	68144
94	54374	13859	79.69	68233
95	55654	13968	79.94	69622
96	56407	14032	80.08	70439
97	54214	13885	79.61	68099
98	53844	13953	79.42	67797
99	54993	13743	80.01	68736
100	54298	13456	80.14	67754
101	53967	13929	79.48	67896
102	54357	13707	79.86	68064
103	53584	13780	79.54	67364
104	54394	13428	80.20	67822
105	52856	13626	79.50	66482
106	52459	13153	79.95	65612
107	53093	13390	79.86	66483
108	52407	13767	79.20	66174
109	52389	13767	79.19	66156
110	52173	13254	79.74	65427
111	53313	13306	80.03	66619
112	50711	12890	79.73	63601
113	52322	13281	79.76	65603
114	53119	12786	80.60	65905
115	52205	12923	80.16	65128
116	51030	12892	79.83	63922
117	48403	12355	79.67	60758
118	51403	12829	80.03	64232
119	50308	12671	79.88	62979
120	51784	12523	80.53	64307
121	52222	12750	80.38	64972
122	51377	12302	80.68	63679
123	48227	11590	80.62	59817
124	49844	12544	79.89	62388
125	49577	12225	80.22	61802
126	48467	11997	80.16	60464
127	46832	11504	80.28	58336
128	45811	9909	82.22	55720
129	39105	0	100.00	39105

CHG context
===========
position	count methylated	count unmethylated	% methylation	coverage
1	13986	321100	4.17	335086
2	15321	321879	4.54	337200
3	15205	324420	4.48	339625
4	13828	327990	4.05	341818
5	13164	314278	4.02	327442
6	14243	315211	4.32	329454
7	15316	314942	4.64	330258
8	14687	304976	4.59	319663
9	14381	304197	4.51	318578
10	14553	303364	4.58	317917
11	13584	305524	4.26	319108
12	14194	302558	4.48	316752
13	14409	295650	4.65	310059
14	13464	288053	4.47	301517
15	14053	294847	4.55	308900
16	14122	293570	4.59	307692
17	14395	292913	4.68	307308
18	12981	290269	4.28	303250
19	14099	299593	4.49	313692
20	13489	287508	4.48	300997
21	13560	287834	4.50	301394
22	14082	285447	4.70	299529
23	14002	292299	4.57	306301
24	14492	305635	4.53	320127
25	14728	294882	4.76	309610
26	13473	289431	4.45	302904
27	13841	291930	4.53	305771
28	14719	299037	4.69	313756
29	14661	302233	4.63	316894
30	14469	302145	4.57	316614
31	14278	299697	4.55	313975
32	14151	297763	4.54	311914
33	14002	296593	4.51	310595
34	14995	295024	4.84	310019
35	13554	291992	4.44	305546
36	13877	290063	4.57	303940
37	14164	292280	4.62	306444
38	14265	289901	4.69	304166
39	13677	278452	4.68	292129
40	14707	291466	4.80	306173
41	15273	293524	4.95	308797
42	14549	288783	4.80	303332
43	14405	289933	4.73	304338
44	14882	296669	4.78	311551
45	14279	293049	4.65	307328
46	14127	286549	4.70	300676
47	14512	286438	4.82	300950
48	14980	292945	4.86	307925
49	14727	286918	4.88	301645
50	14762	285355	4.92	300117
51	14576	282310	4.91	296886
52	14089	271744	4.93	285833
53	14214	285609	4.74	299823
54	14316	286263	4.76	300579
55	13949	280612	4.74	294561
56	13766	269409	4.86	283175
57	14749	283468	4.95	298217
58	13756	277127	4.73	290883
59	13983	287708	4.63	301691
60	14090	281856	4.76	295946
61	13936	283039	4.69	296975
62	14627	285844	4.87	300471
63	14636	286887	4.85	301523
64	14174	282454	4.78	296628
65	13373	280157	4.56	293530
66	14325	278768	4.89	293093
67	13864	281213	4.70	295077
68	14152	280332	4.81	294484
69	14085	282656	4.75	296741
70	13915	278482	4.76	292397
71	13781	279131	4.70	292912
72	13877	283434	4.67	297311
73	14193	283162	4.77	297355
74	14274	281105	4.83	295379
75	14838	277083	5.08	291921
76	14270	281934	4.82	296204
77	13857	286752	4.61	300609
78	14053	282845	4.73	296898
79	14454	280908	4.89	295362
80	14812	286025	4.92	300837
81	14176	283815	4.76	297991
82	13253	268531	4.70	281784
83	13824	278891	4.72	292715
84	13943	280930	4.73	294873
85	13861	269505	4.89	283366
86	13640	265304	4.89	278944
87	13707	276335	4.73	290042
88	14313	277370	4.91	291683
89	13540	280618	4.60	294158
90	13746	274052	4.78	287798
91	13529	267911	4.81	281440
92	14238	271016	4.99	285254
93	14127	269800	4.98	283927
94	13437	267853	4.78	281290
95	13778	266886	4.91	280664
96	13705	266711	4.89	280416
97	13670	257370	5.04	271040
98	14121	266559	5.03	280680
99	14202	260829	5.16	275031
100	14101	265647	5.04	279748
101	14033	264657	5.04	278690
102	14234	262636	5.14	276870
103	13685	260927	4.98	274612
104	14528	260367	5.28	274895
105	14277	261446	5.18	275723
106	14569	256988	5.36	271557
107	14198	259767	5.18	273965
108	14838	261241	5.37	276079
109	14291	260025	5.21	274316
110	13871	260788	5.05	274659
111	13990	259892	5.11	273882
112	13917	252155	5.23	266072
113	14384	261435	5.22	275819
114	13785	257016	5.09	270801
115	14475	256414	5.34	270889
116	13779	256037	5.11	269816
117	13574	243964	5.27	257538
118	13798	251476	5.20	265274
119	14549	255615	5.39	270164
120	14437	251111	5.44	265548
121	13915	250264	5.27	264179
122	14095	247733	5.38	261828
123	13901	232916	5.63	246817
124	13798	241484	5.41	255282
125	13775	235841	5.52	249616
126	13331	229823	5.48	243154
127	12175	222463	5.19	234638
128	12040	200488	5.67	212528
129	9489	0	100.00	9489

CHH context
===========
position	count methylated	count unmethylated	% methylation	coverage
1	50122	968959	4.92	1019081
2	52356	950369	5.22	1002725
3	54650	969744	5.33	1024394
4	48408	975283	4.73	1023691
5	49572	946906	4.97	996478
6	51548	927479	5.27	979027
7	54867	917688	5.64	972555
8	55781	922087	5.70	977868
9	57123	933121	5.77	990244
10	57026	924545	5.81	981571
11	56101	931766	5.68	987867
12	57019	942331	5.71	999350
13	55096	935355	5.56	990451
14	57740	921336	5.90	979076
15	56685	909713	5.87	966398
16	54159	918394	5.57	972553
17	52234	913573	5.41	965807
18	52744	898538	5.54	951282
19	53467	885389	5.69	938856
20	51570	892767	5.46	944337
21	53560	901995	5.61	955555
22	53777	895755	5.66	949532
23	52569	896606	5.54	949175
24	51999	889208	5.52	941207
25	53066	907401	5.53	960467
26	52312	907768	5.45	960080
27	53666	896811	5.65	950477
28	54549	899088	5.72	953637
29	54838	897278	5.76	952116
30	54692	898992	5.73	953684
31	54791	900912	5.73	955703
32	54085	901152	5.66	955237
33	54063	901610	5.66	955673
34	53594	896831	5.64	950425
35	54325	916480	5.60	970805
36	54268	910941	5.62	965209
37	54475	900747	5.70	955222
38	56141	905558	5.84	961699
39	53844	873785	5.80	927629
40	56733	917730	5.82	974463
41	56611	930497	5.74	987108
42	56120	926211	5.71	982331
43	55131	920245	5.65	975376
44	55672	923645	5.68	979317
45	55938	936492	5.64	992430
46	54811	926729	5.58	981540
47	56929	916993	5.85	973922
48	56371	923383	5.75	979754
49	57783	918575	5.92	976358
50	57029	920567	5.83	977596
51	56476	916835	5.80	973311
52	55594	879228	5.95	934822
53	57081	914513	5.87	971594
54	55092	923928	5.63	979020
55	55336	919310	5.68	974646
56	53349	869564	5.78	922913
57	55693	909705	5.77	965398
58	54129	869849	5.86	923978
59	55879	908057	5.80	963936
60	56579	905607	5.88	962186
61	55477	897320	5.82	952797
62	56718	891423	5.98	948141
63	54996	895840	5.78	950836
64	53848	900424	5.64	954272
65	55190	895092	5.81	950282
66	55451	893621	5.84	949072
67	55538	893553	5.85	949091
68	55175	891277	5.83	946452
69	55221	896886	5.80	952107
70	55182	894623	5.81	949805
71	55850	896490	5.86	952340
72	55755	898245	5.84	954000
73	56566	901319	5.91	957885
74	55230	902651	5.77	957881
75	55145	896171	5.80	951316
76	54173	904890	5.65	959063
77	53328	909548	5.54	962876
78	55310	899531	5.79	954841
79	55118	895004	5.80	950122
80	56448	896853	5.92	953301
81	56248	909489	5.82	965737
82	52573	875731	5.66	928304
83	54907	909870	5.69	964777
84	54842	899672	5.75	954514
85	54734	899217	5.74	953951
86	52713	860577	5.77	913290
87	54388	886852	5.78	941240
88	54774	879418	5.86	934192
89	56174	882780	5.98	938954
90	55666	884783	5.92	940449
91	56433	886496	5.98	942929
92	56824	885819	6.03	942643
93	55423	886315	5.89	941738
94	55472	887188	5.88	942660
95	54168	890550	5.73	944718
96	55222	878239	5.92	933461
97	53829	845609	5.98	899438
98	54328	875573	5.84	929901
99	56163	873630	6.04	929793
100	55095	870134	5.95	925229
101	54817	872143	5.91	926960
102	55720	871257	6.01	926977
103	55529	866373	6.02	921902
104	56390	869038	6.09	925428
105	55319	866653	6.00	921972
106	56491	864079	6.14	920570
107	55082	865120	5.99	920202
108	56029	858688	6.13	914717
109	56201	851062	6.19	907263
110	56075	846480	6.21	902555
111	55973	843078	6.23	899051
112	54727	811335	6.32	866062
113	55024	841443	6.14	896467
114	55571	837605	6.22	893176
115	55564	833239	6.25	888803
116	54863	831280	6.19	886143
117	52365	798322	6.16	850687
118	55541	827475	6.29	883016
119	54521	823116	6.21	877637
120	54219	818166	6.22	872385
121	54691	814336	6.29	869027
122	54447	809000	6.31	863447
123	51516	772734	6.25	824250
124	52883	795660	6.23	848543
125	52061	779785	6.26	831846
126	49656	758666	6.14	808322
127	44949	726365	5.83	771314
128	41552	645056	6.05	686608
129	29635	0	100.00	29635

