CpG context
===========
position	count methylated	count unmethylated	% methylation	coverage
1	4777	2994	61.47	7771
2	5349	2340	69.57	7689
3	5100	1681	75.21	6781
4	5249	1556	77.13	6805
5	5073	1338	79.13	6411
6	4924	1306	79.04	6230
7	5046	1275	79.83	6321
8	4795	1218	79.74	6013
9	4822	1148	80.77	5970
10	4863	1216	80.00	6079
11	4706	1259	78.89	5965
12	4569	1224	78.87	5793
13	4723	1200	79.74	5923
14	4721	1279	78.68	6000
15	4787	1224	79.64	6011
16	4703	1232	79.24	5935
17	4540	1210	78.96	5750
18	4899	1129	81.27	6028
19	4634	1216	79.21	5850
20	4582	1212	79.08	5794
21	4704	1160	80.22	5864
22	4640	1246	78.83	5886
23	4540	1182	79.34	5722
24	4683	1110	80.84	5793
25	4739	1187	79.97	5926
26	4774	1183	80.14	5957
27	4646	1198	79.50	5844
28	4805	1172	80.39	5977
29	4825	1173	80.44	5998
30	4564	1187	79.36	5751
31	4622	1141	80.20	5763
32	4592	1191	79.41	5783
33	4580	1202	79.21	5782
34	4756	1172	80.23	5928
35	4642	1225	79.12	5867
36	4703	1222	79.38	5925
37	4693	1146	80.37	5839
38	4551	1165	79.62	5716
39	4623	1171	79.79	5794
40	4394	1211	78.39	5605
41	4572	1244	78.61	5816
42	4691	1202	79.60	5893
43	4670	1206	79.48	5876
44	4641	1155	80.07	5796
45	4562	1135	80.08	5697
46	4575	1164	79.72	5739
47	4523	1110	80.29	5633
48	4547	1215	78.91	5762
49	4658	1192	79.62	5850
50	4521	1173	79.40	5694
51	4555	1208	79.04	5763
52	4509	1187	79.16	5696
53	4429	1128	79.70	5557
54	4617	1172	79.75	5789
55	4637	1160	79.99	5797
56	4427	1083	80.34	5510
57	4642	1131	80.41	5773
58	4515	1175	79.35	5690
59	4584	1139	80.10	5723
60	4579	1152	79.90	5731
61	4340	1113	79.59	5453
62	4567	1186	79.38	5753
63	4511	1082	80.65	5593
64	4325	1157	78.89	5482
65	4312	1127	79.28	5439
66	4427	1089	80.26	5516
67	4290	1143	78.96	5433
68	4336	1124	79.41	5460
69	4188	1120	78.90	5308
70	4308	1164	78.73	5472
71	4203	1076	79.62	5279
72	4182	1192	77.82	5374
73	4260	1107	79.37	5367
74	4424	1106	80.00	5530
75	4357	1057	80.48	5414
76	4160	1021	80.29	5181
77	4207	1087	79.47	5294
78	4234	1059	79.99	5293
79	4342	1153	79.02	5495
80	4216	1144	78.66	5360
81	4232	1043	80.23	5275
82	4320	1147	79.02	5467
83	4186	1113	79.00	5299
84	4232	1069	79.83	5301
85	4112	1086	79.11	5198
86	4212	1137	78.74	5349
87	4148	1058	79.68	5206
88	4302	1109	79.50	5411
89	4301	1051	80.36	5352
90	4229	1067	79.85	5296
91	4286	1043	80.43	5329
92	4170	1107	79.02	5277
93	4133	1087	79.18	5220
94	4211	1084	79.53	5295
95	4153	1103	79.01	5256
96	4210	915	82.15	5125
97	4227	1033	80.36	5260
98	4193	1021	80.42	5214
99	4164	1104	79.04	5268
100	4208	1033	80.29	5241
101	4151	1050	79.81	5201
102	4261	968	81.49	5229
103	4236	967	81.41	5203
104	4068	957	80.96	5025
105	4057	1026	79.82	5083
106	3935	1002	79.70	4937
107	3906	1028	79.16	4934
108	3900	1004	79.53	4904
109	3825	1021	78.93	4846
110	3862	959	80.11	4821
111	3877	1029	79.03	4906
112	3891	1017	79.28	4908
113	3990	947	80.82	4937
114	3790	943	80.08	4733
115	3817	959	79.92	4776
116	3755	924	80.25	4679
117	3876	1043	78.80	4919
118	3855	963	80.01	4818
119	3852	977	79.77	4829
120	3806	930	80.36	4736
121	3734	1014	78.64	4748
122	3717	976	79.20	4693
123	3866	1017	79.17	4883
124	3829	976	79.69	4805
125	3746	936	80.01	4682
126	3703	956	79.48	4659
127	3660	900	80.26	4560
128	3670	964	79.20	4634
129	3769	906	80.62	4675
130	3763	1010	78.84	4773
131	3721	924	80.11	4645
132	3591	900	79.96	4491
133	3619	926	79.63	4545
134	3732	910	80.40	4642
135	3659	875	80.70	4534
136	3586	926	79.48	4512
137	3696	931	79.88	4627
138	3601	890	80.18	4491
139	3408	913	78.87	4321
140	3554	906	79.69	4460
141	3272	839	79.59	4111
142	3466	795	81.34	4261
143	3334	884	79.04	4218
144	3197	791	80.17	3988
145	2409	538	81.74	2947

CHG context
===========
position	count methylated	count unmethylated	% methylation	coverage
1	2780	26053	9.64	28833
2	1666	25918	6.04	27584
3	993	26002	3.68	26995
4	644	26739	2.35	27383
5	442	26286	1.65	26728
6	317	25873	1.21	26190
7	288	25556	1.11	25844
8	269	25863	1.03	26132
9	209	25927	0.80	26136
10	235	25745	0.90	25980
11	286	26124	1.08	26410
12	296	26258	1.11	26554
13	296	26674	1.10	26970
14	271	26301	1.02	26572
15	262	26406	0.98	26668
16	293	26403	1.10	26696
17	287	26106	1.09	26393
18	270	25983	1.03	26253
19	276	26064	1.05	26340
20	283	26045	1.07	26328
21	285	26086	1.08	26371
22	301	25868	1.15	26169
23	316	25900	1.21	26216
24	291	25547	1.13	25838
25	255	25296	1.00	25551
26	309	26112	1.17	26421
27	267	25667	1.03	25934
28	237	25476	0.92	25713
29	275	25657	1.06	25932
30	272	25396	1.06	25668
31	306	25622	1.18	25928
32	308	25793	1.18	26101
33	290	25517	1.12	25807
34	300	25850	1.15	26150
35	269	25323	1.05	25592
36	335	25606	1.29	25941
37	290	25666	1.12	25956
38	244	25396	0.95	25640
39	284	25371	1.11	25655
40	297	25561	1.15	25858
41	284	25433	1.10	25717
42	315	25201	1.23	25516
43	306	25169	1.20	25475
44	320	25035	1.26	25355
45	286	24971	1.13	25257
46	292	24622	1.17	24914
47	296	25080	1.17	25376
48	293	24829	1.17	25122
49	326	25166	1.28	25492
50	323	25141	1.27	25464
51	333	24898	1.32	25231
52	310	25080	1.22	25390
53	337	24761	1.34	25098
54	305	24823	1.21	25128
55	331	24379	1.34	24710
56	320	24789	1.27	25109
57	314	24822	1.25	25136
58	319	24391	1.29	24710
59	302	24381	1.22	24683
60	325	24716	1.30	25041
61	337	24714	1.35	25051
62	319	24481	1.29	24800
63	303	24816	1.21	25119
64	313	24801	1.25	25114
65	281	24508	1.13	24789
66	245	24398	0.99	24643
67	264	24529	1.06	24793
68	320	24269	1.30	24589
69	325	24502	1.31	24827
70	336	24036	1.38	24372
71	281	24126	1.15	24407
72	295	24132	1.21	24427
73	283	24799	1.13	25082
74	288	24293	1.17	24581
75	256	24276	1.04	24532
76	284	24419	1.15	24703
77	271	24381	1.10	24652
78	273	24409	1.11	24682
79	275	24261	1.12	24536
80	274	24437	1.11	24711
81	264	24376	1.07	24640
82	251	24269	1.02	24520
83	284	24105	1.16	24389
84	269	24046	1.11	24315
85	297	24146	1.22	24443
86	269	24300	1.09	24569
87	290	23774	1.21	24064
88	322	23649	1.34	23971
89	303	23828	1.26	24131
90	348	23619	1.45	23967
91	300	23769	1.25	24069
92	298	23336	1.26	23634
93	290	23271	1.23	23561
94	301	22950	1.29	23251
95	358	22880	1.54	23238
96	314	23186	1.34	23500
97	315	23053	1.35	23368
98	351	23094	1.50	23445
99	302	22917	1.30	23219
100	309	22892	1.33	23201
101	347	22852	1.50	23199
102	332	22699	1.44	23031
103	355	22254	1.57	22609
104	351	22562	1.53	22913
105	312	22382	1.37	22694
106	312	22678	1.36	22990
107	325	22554	1.42	22879
108	311	22624	1.36	22935
109	279	22357	1.23	22636
110	304	21880	1.37	22184
111	323	22245	1.43	22568
112	318	22110	1.42	22428
113	364	21972	1.63	22336
114	358	21639	1.63	21997
115	347	21742	1.57	22089
116	340	21830	1.53	22170
117	388	21413	1.78	21801
118	378	21574	1.72	21952
119	346	21519	1.58	21865
120	284	21312	1.32	21596
121	373	21274	1.72	21647
122	286	21109	1.34	21395
123	362	20905	1.70	21267
124	375	20886	1.76	21261
125	303	21006	1.42	21309
126	379	20751	1.79	21130
127	298	20679	1.42	20977
128	335	20588	1.60	20923
129	357	20857	1.68	21214
130	354	20892	1.67	21246
131	362	20276	1.75	20638
132	355	20715	1.68	21070
133	360	20085	1.76	20445
134	350	20071	1.71	20421
135	366	20453	1.76	20819
136	387	19950	1.90	20337
137	388	19764	1.93	20152
138	319	19841	1.58	20160
139	357	19672	1.78	20029
140	327	19062	1.69	19389
141	321	18687	1.69	19008
142	262	18297	1.41	18559
143	261	15839	1.62	16100
144	241	16473	1.44	16714
145	137	14226	0.95	14363

CHH context
===========
position	count methylated	count unmethylated	% methylation	coverage
1	6332	61773	9.30	68105
2	4548	65692	6.47	70240
3	3161	69463	4.35	72624
4	2100	72396	2.82	74496
5	1310	73138	1.76	74448
6	1077	73798	1.44	74875
7	893	75095	1.18	75988
8	923	75089	1.21	76012
9	879	77124	1.13	78003
10	800	77003	1.03	77803
11	831	77415	1.06	78246
12	840	77680	1.07	78520
13	923	77647	1.17	78570
14	888	77829	1.13	78717
15	994	77848	1.26	78842
16	893	77672	1.14	78565
17	854	77692	1.09	78546
18	927	78343	1.17	79270
19	872	78069	1.10	78941
20	876	77900	1.11	78776
21	941	77742	1.20	78683
22	927	77550	1.18	78477
23	915	77226	1.17	78141
24	983	77537	1.25	78520
25	986	77868	1.25	78854
26	926	78461	1.17	79387
27	964	77241	1.23	78205
28	916	78346	1.16	79262
29	968	78713	1.21	79681
30	1048	78139	1.32	79187
31	1024	78013	1.30	79037
32	988	78693	1.24	79681
33	999	78586	1.26	79585
34	907	78435	1.14	79342
35	992	78084	1.25	79076
36	931	78947	1.17	79878
37	930	78163	1.18	79093
38	1025	78773	1.28	79798
39	905	79013	1.13	79918
40	934	79179	1.17	80113
41	982	79087	1.23	80069
42	1003	78883	1.26	79886
43	1065	78711	1.33	79776
44	979	79233	1.22	80212
45	1026	79038	1.28	80064
46	985	79677	1.22	80662
47	1015	79002	1.27	80017
48	1007	79523	1.25	80530
49	977	79533	1.21	80510
50	1024	80121	1.26	81145
51	1056	79713	1.31	80769
52	1102	79776	1.36	80878
53	1085	79359	1.35	80444
54	1082	79676	1.34	80758
55	1085	80410	1.33	81495
56	1062	80151	1.31	81213
57	1092	79830	1.35	80922
58	1086	80870	1.33	81956
59	1102	81370	1.34	82472
60	1034	80767	1.26	81801
61	1023	80999	1.25	82022
62	1060	80859	1.29	81919
63	1072	80737	1.31	81809
64	1001	80123	1.23	81124
65	1022	80720	1.25	81742
66	1093	80183	1.34	81276
67	1006	80421	1.24	81427
68	1026	81019	1.25	82045
69	1028	80102	1.27	81130
70	1039	79696	1.29	80735
71	955	80161	1.18	81116
72	981	79059	1.23	80040
73	957	79142	1.19	80099
74	968	78788	1.21	79756
75	1005	79001	1.26	80006
76	1037	79158	1.29	80195
77	960	79359	1.20	80319
78	972	79029	1.21	80001
79	864	78572	1.09	79436
80	927	78731	1.16	79658
81	978	78683	1.23	79661
82	964	78657	1.21	79621
83	982	77799	1.25	78781
84	980	78751	1.23	79731
85	999	78767	1.25	79766
86	1028	77943	1.30	78971
87	984	78183	1.24	79167
88	934	78322	1.18	79256
89	997	78189	1.26	79186
90	1034	78245	1.30	79279
91	1029	78300	1.30	79329
92	1003	77665	1.27	78668
93	1068	77415	1.36	78483
94	1049	78157	1.32	79206
95	1059	78474	1.33	79533
96	1019	78638	1.28	79657
97	1056	78082	1.33	79138
98	1093	77867	1.38	78960
99	1072	77191	1.37	78263
100	1062	77671	1.35	78733
101	1099	77942	1.39	79041
102	1083	77217	1.38	78300
103	1064	77671	1.35	78735
104	1112	76751	1.43	77863
105	1192	78043	1.50	79235
106	1079	76932	1.38	78011
107	1143	76439	1.47	77582
108	1114	76629	1.43	77743
109	1098	76476	1.42	77574
110	1099	75721	1.43	76820
111	1081	75979	1.40	77060
112	1011	75751	1.32	76762
113	1083	75112	1.42	76195
114	1093	75170	1.43	76263
115	1059	74232	1.41	75291
116	1101	74562	1.46	75663
117	1184	74789	1.56	75973
118	1070	74043	1.42	75113
119	1152	74287	1.53	75439
120	1190	73897	1.58	75087
121	1146	73568	1.53	74714
122	1120	73582	1.50	74702
123	1086	73486	1.46	74572
124	1209	73264	1.62	74473
125	1123	73625	1.50	74748
126	1239	73318	1.66	74557
127	1147	72894	1.55	74041
128	1151	73303	1.55	74454
129	1123	72561	1.52	73684
130	1177	72514	1.60	73691
131	1188	72570	1.61	73758
132	1087	71746	1.49	72833
133	1163	72159	1.59	73322
134	1215	72267	1.65	73482
135	1085	71988	1.48	73073
136	1054	71685	1.45	72739
137	1097	71628	1.51	72725
138	1112	70818	1.55	71930
139	1106	70950	1.53	72056
140	1141	70080	1.60	71221
141	1066	69223	1.52	70289
142	1064	67891	1.54	68955
143	1024	67174	1.50	68198
144	886	64182	1.36	65068
145	531	56065	0.94	56596

