CpG context
===========
position	count methylated	count unmethylated	% methylation	coverage
1	489	127	79.38	616
2	195	53	78.63	248
3	254	63	80.13	317
4	172	31	84.73	203
5	220	54	80.29	274
6	148	39	79.14	187
7	156	49	76.10	205
8	153	38	80.10	191
9	207	38	84.49	245
10	314	52	85.79	366
11	383	70	84.55	453
12	291	55	84.10	346
13	352	66	84.21	418
14	155	42	78.68	197
15	213	42	83.53	255
16	188	51	78.66	239
17	246	55	81.73	301
18	194	42	82.20	236
19	232	37	86.25	269
20	195	54	78.31	249
21	182	35	83.87	217
22	201	29	87.39	230
23	184	49	78.97	233
24	258	44	85.43	302
25	221	52	80.95	273
26	199	59	77.13	258
27	272	68	80.00	340
28	354	58	85.92	412
29	368	77	82.70	445
30	207	32	86.61	239
31	321	64	83.38	385
32	217	37	85.43	254
33	310	50	86.11	360
34	154	35	81.48	189
35	208	46	81.89	254
36	176	40	81.48	216
37	245	43	85.07	288
38	204	36	85.00	240
39	243	47	83.79	290
40	387	73	84.13	460
41	411	76	84.39	487
42	372	71	83.97	443
43	349	66	84.10	415
44	202	52	79.53	254
45	286	59	82.90	345
46	173	42	80.47	215
47	282	66	81.03	348
48	175	49	78.12	224
49	264	53	83.28	317
50	229	36	86.42	265
51	289	56	83.77	345
52	317	47	87.09	364
53	231	28	89.19	259
54	219	62	77.94	281
55	229	43	84.19	272
56	328	76	81.19	404
57	285	72	79.83	357
58	344	58	85.57	402
59	469	82	85.12	551
60	281	52	84.38	333
61	375	67	84.84	442
62	113	35	76.35	148
63	188	40	82.46	228
64	141	27	83.93	168
65	200	45	81.63	245
66	181	22	89.16	203
67	253	58	81.35	311
68	344	62	84.73	406
69	305	46	86.89	351
70	327	53	86.05	380
71	365	50	87.95	415
72	224	41	84.53	265
73	323	40	88.98	363
74	168	49	77.42	217
75	231	46	83.39	277
76	211	36	85.43	247
77	240	42	85.11	282
78	208	31	87.03	239
79	195	29	87.05	224
80	142	29	83.04	171
81	187	37	83.48	224
82	278	58	82.74	336
83	251	40	86.25	291
84	258	63	80.37	321
85	323	43	88.25	366
86	303	51	85.59	354
87	421	79	84.20	500
88	366	68	84.33	434
89	393	79	83.26	472
90	211	38	84.74	249
91	265	44	85.76	309
92	150	31	82.87	181
93	180	36	83.33	216
94	126	40	75.90	166
95	181	36	83.41	217
96	171	49	77.73	220
97	222	46	82.84	268
98	317	58	84.53	375
99	336	62	84.42	398
100	308	57	84.38	365
101	280	44	86.42	324
102	167	39	81.07	206
103	196	33	85.59	229
104	159	45	77.94	204
105	218	64	77.30	282
106	137	27	83.54	164
107	174	45	79.45	219
108	153	31	83.15	184
109	251	56	81.76	307
110	263	47	84.84	310
111	223	45	83.21	268
112	251	46	84.51	297
113	276	51	84.40	327
114	307	64	82.75	371
115	259	61	80.94	320
116	299	72	80.59	371
117	223	55	80.22	278
118	138	37	78.86	175
119	187	44	80.95	231
120	156	41	79.19	197
121	176	31	85.02	207
122	144	27	84.21	171
123	134	34	79.76	168
124	160	33	82.90	193
125	148	41	78.31	189
126	180	48	78.95	228
127	256	55	82.32	311
128	259	62	80.69	321
129	186	0	100.00	186

CHG context
===========
position	count methylated	count unmethylated	% methylation	coverage
1	7	822	0.84	829
2	10	836	1.18	846
3	13	933	1.37	946
4	3	840	0.36	843
5	9	787	1.13	796
6	6	723	0.82	729
7	7	675	1.03	682
8	6	849	0.70	855
9	8	682	1.16	690
10	6	754	0.79	760
11	11	765	1.42	776
12	6	719	0.83	725
13	8	732	1.08	740
14	17	771	2.16	788
15	4	657	0.61	661
16	17	615	2.69	632
17	11	717	1.51	728
18	12	706	1.67	718
19	15	895	1.65	910
20	11	955	1.14	966
21	10	1014	0.98	1024
22	11	1070	1.02	1081
23	16	930	1.69	946
24	7	851	0.82	858
25	6	583	1.02	589
26	10	583	1.69	593
27	11	625	1.73	636
28	5	672	0.74	677
29	6	746	0.80	752
30	17	760	2.19	777
31	7	795	0.87	802
32	15	848	1.74	863
33	11	887	1.22	898
34	7	695	1.00	702
35	6	649	0.92	655
36	13	668	1.91	681
37	10	659	1.49	669
38	5	657	0.76	662
39	14	633	2.16	647
40	6	709	0.84	715
41	9	666	1.33	675
42	13	689	1.85	702
43	10	691	1.43	701
44	3	600	0.50	603
45	8	624	1.27	632
46	16	677	2.31	693
47	9	646	1.37	655
48	8	737	1.07	745
49	13	843	1.52	856
50	18	1020	1.73	1038
51	12	1008	1.18	1020
52	16	990	1.59	1006
53	7	616	1.12	623
54	15	680	2.16	695
55	5	577	0.86	582
56	12	605	1.94	617
57	6	638	0.93	644
58	11	651	1.66	662
59	18	691	2.54	709
60	18	910	1.94	928
61	13	849	1.51	862
62	26	810	3.11	836
63	19	738	2.51	757
64	12	670	1.76	682
65	7	578	1.20	585
66	13	710	1.80	723
67	4	666	0.60	670
68	8	703	1.13	711
69	8	583	1.35	591
70	11	667	1.62	678
71	15	627	2.34	642
72	14	608	2.25	622
73	3	656	0.46	659
74	14	540	2.53	554
75	18	572	3.05	590
76	8	656	1.20	664
77	9	676	1.31	685
78	14	851	1.62	865
79	9	822	1.08	831
80	6	876	0.68	882
81	18	805	2.19	823
82	7	800	0.87	807
83	4	589	0.67	593
84	7	585	1.18	592
85	8	591	1.34	599
86	7	599	1.16	606
87	10	555	1.77	565
88	11	658	1.64	669
89	9	662	1.34	671
90	8	641	1.23	649
91	8	714	1.11	722
92	5	652	0.76	657
93	14	683	2.01	697
94	6	615	0.97	621
95	14	599	2.28	613
96	7	648	1.07	655
97	8	650	1.22	658
98	9	714	1.24	723
99	6	732	0.81	738
100	14	734	1.87	748
101	4	654	0.61	658
102	13	598	2.13	611
103	5	531	0.93	536
104	9	584	1.52	593
105	11	596	1.81	607
106	15	626	2.34	641
107	12	723	1.63	735
108	13	811	1.58	824
109	15	947	1.56	962
110	8	916	0.87	924
111	11	715	1.52	726
112	14	736	1.87	750
113	6	548	1.08	554
114	9	594	1.49	603
115	10	568	1.73	578
116	8	583	1.35	591
117	12	556	2.11	568
118	8	630	1.25	638
119	11	689	1.57	700
120	4	601	0.66	605
121	12	723	1.63	735
122	9	612	1.45	621
123	8	626	1.26	634
124	11	632	1.71	643
125	10	590	1.67	600
126	7	657	1.05	664
127	15	602	2.43	617
128	12	621	1.90	633
129	5	0	100.00	5

CHH context
===========
position	count methylated	count unmethylated	% methylation	coverage
1	28	3038	0.91	3066
2	39	2810	1.37	2849
3	36	2797	1.27	2833
4	33	2671	1.22	2704
5	25	2512	0.99	2537
6	34	2760	1.22	2794
7	57	2959	1.89	3016
8	43	3349	1.27	3392
9	47	3124	1.48	3171
10	52	3272	1.56	3324
11	45	2912	1.52	2957
12	49	3201	1.51	3250
13	45	2882	1.54	2927
14	45	3010	1.47	3055
15	49	3027	1.59	3076
16	56	2847	1.93	2903
17	47	2708	1.71	2755
18	44	2515	1.72	2559
19	42	2613	1.58	2655
20	32	2545	1.24	2577
21	52	2764	1.85	2816
22	56	2729	2.01	2785
23	68	2722	2.44	2790
24	91	2963	2.98	3054
25	51	3331	1.51	3382
26	47	3358	1.38	3405
27	43	3285	1.29	3328
28	69	3232	2.09	3301
29	57	3162	1.77	3219
30	46	3375	1.34	3421
31	52	3184	1.61	3236
32	28	2999	0.93	3027
33	53	2863	1.82	2916
34	26	2908	0.89	2934
35	41	2861	1.41	2902
36	47	2869	1.61	2916
37	45	3032	1.46	3077
38	47	3559	1.30	3606
39	41	3197	1.27	3238
40	55	3395	1.59	3450
41	53	2944	1.77	2997
42	52	3239	1.58	3291
43	44	3061	1.42	3105
44	45	3063	1.45	3108
45	40	2875	1.37	2915
46	42	2415	1.71	2457
47	37	2473	1.47	2510
48	27	2480	1.08	2507
49	36	2840	1.25	2876
50	34	2697	1.24	2731
51	55	2783	1.94	2838
52	39	2850	1.35	2889
53	50	2857	1.72	2907
54	57	3078	1.82	3135
55	32	3033	1.04	3065
56	41	3242	1.25	3283
57	44	2963	1.46	3007
58	46	3150	1.44	3196
59	55	2894	1.87	2949
60	45	2923	1.52	2968
61	43	2874	1.47	2917
62	36	2659	1.34	2695
63	39	2732	1.41	2771
64	33	2780	1.17	2813
65	40	2892	1.36	2932
66	52	3185	1.61	3237
67	49	3126	1.54	3175
68	58	3355	1.70	3413
69	43	3163	1.34	3206
70	44	3235	1.34	3279
71	40	2952	1.34	2992
72	38	3007	1.25	3045
73	53	2941	1.77	2994
74	42	2982	1.39	3024
75	29	2842	1.01	2871
76	44	2733	1.58	2777
77	34	2709	1.24	2743
78	40	2679	1.47	2719
79	42	2858	1.45	2900
80	63	2814	2.19	2877
81	44	2819	1.54	2863
82	49	2759	1.75	2808
83	43	2990	1.42	3033
84	63	3458	1.79	3521
85	55	3316	1.63	3371
86	35	3262	1.06	3297
87	52	3161	1.62	3213
88	72	3236	2.18	3308
89	51	3332	1.51	3383
90	68	3313	2.01	3381
91	59	3229	1.79	3288
92	44	2934	1.48	2978
93	68	2986	2.23	3054
94	56	3030	1.81	3086
95	46	3107	1.46	3153
96	59	3247	1.78	3306
97	49	3311	1.46	3360
98	60	3435	1.72	3495
99	32	3051	1.04	3083
100	52	3148	1.62	3200
101	64	3274	1.92	3338
102	48	3345	1.41	3393
103	47	2995	1.55	3042
104	38	2770	1.35	2808
105	41	2640	1.53	2681
106	39	2635	1.46	2674
107	47	2841	1.63	2888
108	36	2640	1.35	2676
109	50	2648	1.85	2698
110	43	2719	1.56	2762
111	40	2951	1.34	2991
112	51	2991	1.68	3042
113	51	2962	1.69	3013
114	40	3068	1.29	3108
115	58	3040	1.87	3098
116	54	3252	1.63	3306
117	51	3186	1.58	3237
118	46	3412	1.33	3458
119	55	3343	1.62	3398
120	29	3027	0.95	3056
121	45	2779	1.59	2824
122	44	2641	1.64	2685
123	34	2637	1.27	2671
124	43	2822	1.50	2865
125	53	2936	1.77	2989
126	39	2979	1.29	3018
127	33	2741	1.19	2774
128	38	2731	1.37	2769
129	25	0	100.00	25

