CpG context
===========
position	count methylated	count unmethylated	% methylation	coverage
1	22834	6791	77.08	29625
2	23084	6323	78.50	29407
3	23992	6916	77.62	30908
4	24067	6834	77.88	30901
5	23584	6806	77.60	30390
6	23076	6336	78.46	29412
7	23883	6507	78.59	30390
8	24269	6681	78.41	30950
9	22915	6738	77.28	29653
10	24496	6391	79.31	30887
11	23763	6800	77.75	30563
12	23685	6564	78.30	30249
13	24286	6527	78.82	30813
14	24916	6541	79.21	31457
15	24726	6500	79.18	31226
16	23942	6633	78.31	30575
17	23356	6623	77.91	29979
18	23913	6543	78.52	30456
19	24663	6610	78.86	31273
20	24999	6475	79.43	31474
21	24197	6774	78.13	30971
22	24493	6382	79.33	30875
23	24081	6517	78.70	30598
24	24611	6782	78.40	31393
25	25336	6501	79.58	31837
26	24890	6780	78.59	31670
27	24383	6689	78.47	31072
28	24440	6073	80.10	30513
29	24183	6746	78.19	30929
30	23786	6662	78.12	30448
31	23595	6507	78.38	30102
32	22159	6350	77.73	28509
33	23191	6348	78.51	29539
34	23614	6412	78.65	30026
35	23673	6517	78.41	30190
36	23185	6481	78.15	29666
37	23618	6395	78.69	30013
38	22594	6263	78.30	28857
39	22770	6334	78.24	29104
40	23215	6513	78.09	29728
41	22063	6345	77.66	28408
42	21628	6348	77.31	27976
43	21523	6227	77.56	27750
44	22151	6388	77.62	28539
45	21846	6605	76.78	28451
46	21133	6351	76.89	27484
47	21966	6523	77.10	28489
48	21540	6173	77.73	27713
49	21972	6329	77.64	28301
50	22410	6355	77.91	28765
51	22495	6387	77.89	28882
52	22445	6259	78.19	28704
53	21584	6401	77.13	27985
54	21848	6364	77.44	28212
55	21571	6269	77.48	27840
56	21766	6524	76.94	28290
57	21751	6234	77.72	27985
58	21463	6416	76.99	27879
59	22345	6177	78.34	28522
60	22314	6323	77.92	28637
61	22016	6177	78.09	28193
62	21416	6358	77.11	27774
63	21741	6402	77.25	28143
64	21713	6221	77.73	27934
65	20937	6230	77.07	27167
66	21867	6315	77.59	28182
67	21634	6161	77.83	27795
68	21440	6409	76.99	27849
69	21886	6456	77.22	28342
70	21874	5960	78.59	27834
71	21785	6093	78.14	27878
72	21731	6282	77.57	28013
73	21643	6229	77.65	27872
74	21854	5982	78.51	27836
75	21462	6198	77.59	27660
76	22018	6068	78.39	28086
77	22082	6008	78.61	28090
78	21407	6306	77.25	27713
79	21589	5819	78.77	27408
80	21771	6306	77.54	28077
81	22076	6006	78.61	28082
82	22019	6145	78.18	28164
83	21630	6154	77.85	27784
84	21324	6118	77.71	27442
85	21932	6142	78.12	28074
86	21494	6053	78.03	27547
87	21218	6155	77.51	27373
88	21243	6208	77.39	27451
89	21334	5911	78.30	27245
90	21365	5914	78.32	27279
91	21648	6054	78.15	27702
92	21844	6028	78.37	27872
93	21865	6204	77.90	28069
94	21030	6003	77.79	27033
95	21171	5812	78.46	26983
96	21565	5727	79.02	27292
97	21440	5666	79.10	27106
98	21457	5906	78.42	27363
99	21420	5725	78.91	27145
100	21920	5885	78.83	27805
101	21067	5639	78.88	26706
102	21324	5844	78.49	27168
103	20890	5795	78.28	26685
104	20639	5740	78.24	26379
105	20830	5524	79.04	26354
106	20884	5725	78.48	26609
107	20402	5680	78.22	26082
108	20953	5574	78.99	26527
109	21276	5655	79.00	26931
110	21144	5651	78.91	26795
111	20682	5627	78.61	26309
112	21239	5624	79.06	26863
113	20795	5587	78.82	26382
114	20653	5610	78.64	26263
115	20563	5640	78.48	26203
116	20753	5418	79.30	26171
117	20631	5540	78.83	26171
118	20170	5487	78.61	25657
119	20477	5691	78.25	26168
120	20903	5523	79.10	26426
121	20407	5380	79.14	25787
122	21063	5371	79.68	26434
123	20758	5075	80.35	25833
124	20156	5440	78.75	25596
125	20382	5401	79.05	25783
126	19936	5110	79.60	25046
127	19391	5036	79.38	24427
128	19040	4694	80.22	23734
129	15913	0	100.00	15913

CHG context
===========
position	count methylated	count unmethylated	% methylation	coverage
1	3212	122496	2.56	125708
2	3035	124103	2.39	127138
3	3341	123871	2.63	127212
4	3052	127766	2.33	130818
5	2892	120362	2.35	123254
6	3052	119332	2.49	122384
7	3174	120972	2.56	124146
8	3113	117119	2.59	120232
9	3062	119362	2.50	122424
10	3217	119520	2.62	122737
11	2953	119127	2.42	122080
12	3137	119886	2.55	123023
13	2984	118590	2.45	121574
14	3034	115081	2.57	118115
15	3189	117817	2.64	121006
16	3247	117698	2.68	120945
17	3093	115225	2.61	118318
18	3256	114146	2.77	117402
19	3099	117157	2.58	120256
20	3156	115845	2.65	119001
21	3167	116849	2.64	120016
22	3441	115744	2.89	119185
23	2992	117923	2.47	120915
24	3252	118908	2.66	122160
25	3121	116280	2.61	119401
26	2995	114855	2.54	117850
27	3521	114669	2.98	118190
28	3343	116338	2.79	119681
29	3390	116032	2.84	119422
30	3465	118823	2.83	122288
31	3189	117533	2.64	120722
32	3302	117985	2.72	121287
33	3413	115695	2.87	119108
34	3305	115978	2.77	119283
35	3349	115219	2.82	118568
36	3294	114992	2.78	118286
37	3393	114092	2.89	117485
38	3275	115059	2.77	118334
39	3329	116808	2.77	120137
40	3389	117189	2.81	120578
41	3296	115829	2.77	119125
42	3261	115594	2.74	118855
43	3168	115707	2.66	118875
44	3309	118477	2.72	121786
45	3420	118430	2.81	121850
46	3388	114159	2.88	117547
47	3343	113800	2.85	117143
48	3350	114817	2.83	118167
49	3290	114245	2.80	117535
50	3240	115086	2.74	118326
51	3224	114819	2.73	118043
52	3436	113853	2.93	117289
53	3130	113396	2.69	116526
54	3273	112640	2.82	115913
55	3514	112923	3.02	116437
56	3291	111263	2.87	114554
57	3101	114554	2.64	117655
58	3404	114546	2.89	117950
59	3177	115943	2.67	119120
60	3107	113031	2.68	116138
61	3220	112213	2.79	115433
62	3342	113736	2.85	117078
63	3443	114548	2.92	117991
64	3269	115557	2.75	118826
65	3236	115121	2.73	118357
66	3448	113173	2.96	116621
67	3255	113765	2.78	117020
68	3369	115524	2.83	118893
69	3446	115851	2.89	119297
70	3253	113786	2.78	117039
71	3294	113306	2.83	116600
72	3318	113335	2.84	116653
73	3322	114011	2.83	117333
74	3144	112570	2.72	115714
75	3238	112964	2.79	116202
76	3266	111509	2.85	114775
77	3390	113877	2.89	117267
78	3153	112128	2.74	115281
79	3386	113442	2.90	116828
80	3206	114087	2.73	117293
81	3284	114526	2.79	117810
82	3013	112240	2.61	115253
83	3192	112387	2.76	115579
84	3276	110216	2.89	113492
85	3124	111111	2.73	114235
86	3191	110285	2.81	113476
87	3350	109092	2.98	112442
88	3162	111002	2.77	114164
89	3087	110527	2.72	113614
90	3044	107608	2.75	110652
91	3195	107805	2.88	111000
92	3131	108926	2.79	112057
93	3036	109016	2.71	112052
94	3020	107766	2.73	110786
95	3106	106901	2.82	110007
96	2983	107632	2.70	110615
97	3287	106467	2.99	109754
98	3207	107257	2.90	110464
99	3215	107031	2.92	110246
100	3369	107217	3.05	110586
101	3044	105676	2.80	108720
102	3113	105378	2.87	108491
103	3155	106283	2.88	109438
104	3130	104801	2.90	107931
105	3249	105254	2.99	108503
106	3204	104750	2.97	107954
107	3414	106625	3.10	110039
108	3483	106021	3.18	109504
109	3336	106051	3.05	109387
110	3210	106469	2.93	109679
111	3521	105999	3.21	109520
112	3309	105011	3.05	108320
113	3350	103988	3.12	107338
114	3179	104202	2.96	107381
115	3235	103180	3.04	106415
116	3417	104659	3.16	108076
117	3398	103567	3.18	106965
118	3152	103827	2.95	106979
119	3279	102354	3.10	105633
120	3199	102118	3.04	105317
121	3188	101062	3.06	104250
122	3168	100016	3.07	103184
123	3200	100673	3.08	103873
124	3368	99314	3.28	102682
125	3267	97364	3.25	100631
126	3082	95781	3.12	98863
127	2828	92885	2.95	95713
128	2942	84634	3.36	87576
129	2043	0	100.00	2043

CHH context
===========
position	count methylated	count unmethylated	% methylation	coverage
1	12776	396109	3.12	408885
2	12886	383262	3.25	396148
3	13820	384632	3.47	398452
4	12208	385145	3.07	397353
5	12439	376700	3.20	389139
6	12656	375116	3.26	387772
7	13459	372893	3.48	386352
8	13764	370237	3.58	384001
9	14345	375656	3.68	390001
10	13839	370998	3.60	384837
11	13365	367509	3.51	380874
12	13750	369949	3.58	383699
13	13200	372006	3.43	385206
14	13590	367075	3.57	380665
15	13625	363981	3.61	377606
16	13510	367238	3.55	380748
17	12950	368248	3.40	381198
18	13053	360486	3.49	373539
19	12903	357910	3.48	370813
20	13215	357254	3.57	370469
21	13306	362714	3.54	376020
22	13029	367268	3.43	380297
23	13101	364737	3.47	377838
24	13101	363268	3.48	376369
25	13550	367667	3.55	381217
26	13508	366860	3.55	380368
27	14101	362331	3.75	376432
28	14502	362541	3.85	377043
29	13898	363673	3.68	377571
30	13403	364113	3.55	377516
31	13228	365963	3.49	379191
32	13753	365985	3.62	379738
33	13790	368632	3.61	382422
34	14068	367650	3.69	381718
35	13678	369476	3.57	383154
36	14099	367465	3.70	381564
37	14187	366213	3.73	380400
38	13863	366683	3.64	380546
39	14108	368837	3.68	382945
40	13823	370126	3.60	383949
41	13844	373065	3.58	386909
42	14019	372445	3.63	386464
43	13653	366173	3.59	379826
44	13817	370365	3.60	384182
45	13974	372793	3.61	386767
46	14435	370259	3.75	384694
47	14496	370139	3.77	384635
48	14110	369189	3.68	383299
49	14105	369654	3.68	383759
50	14267	368822	3.72	383089
51	14145	368435	3.70	382580
52	13646	368209	3.57	381855
53	13835	366458	3.64	380293
54	13615	367572	3.57	381187
55	13745	362046	3.66	375791
56	13428	362891	3.57	376319
57	13419	363473	3.56	376892
58	13826	362230	3.68	376056
59	13811	365572	3.64	379383
60	14175	367590	3.71	381765
61	13951	364921	3.68	378872
62	13880	363510	3.68	377390
63	13723	365134	3.62	378857
64	13640	365030	3.60	378670
65	13611	364165	3.60	377776
66	13429	363225	3.57	376654
67	13579	361860	3.62	375439
68	13550	362091	3.61	375641
69	13901	363579	3.68	377480
70	13827	366468	3.64	380295
71	13402	367735	3.52	381137
72	14159	368545	3.70	382704
73	13706	369679	3.57	383385
74	13788	368367	3.61	382155
75	13678	367632	3.59	381310
76	13757	367227	3.61	380984
77	13679	365404	3.61	379083
78	13557	363303	3.60	376860
79	13979	362099	3.72	376078
80	13539	363366	3.59	376905
81	13610	367787	3.57	381397
82	13285	368695	3.48	381980
83	13107	364117	3.47	377224
84	13893	361301	3.70	375194
85	13526	359296	3.63	372822
86	13739	360744	3.67	374483
87	13365	359499	3.58	372864
88	13657	361448	3.64	375105
89	13289	360713	3.55	374002
90	13280	359633	3.56	372913
91	13456	355748	3.64	369204
92	13762	357624	3.71	371386
93	14133	358295	3.79	372428
94	13775	359093	3.69	372868
95	13465	357757	3.63	371222
96	13947	356119	3.77	370066
97	13670	353401	3.72	367071
98	14330	353286	3.90	367616
99	13701	355268	3.71	368969
100	13958	353193	3.80	367151
101	13787	353017	3.76	366804
102	13640	352818	3.72	366458
103	13594	355094	3.69	368688
104	14237	353582	3.87	367819
105	13974	351923	3.82	365897
106	13729	351595	3.76	365324
107	14244	351085	3.90	365329
108	14119	351852	3.86	365971
109	14060	349779	3.86	363839
110	14229	348565	3.92	362794
111	14090	347661	3.89	361751
112	14103	346838	3.91	360941
113	14159	345116	3.94	359275
114	13974	345449	3.89	359423
115	13477	341823	3.79	355300
116	13806	342789	3.87	356595
117	14040	342815	3.93	356855
118	13609	343019	3.82	356628
119	13614	340481	3.84	354095
120	13787	338628	3.91	352415
121	13377	337282	3.81	350659
122	13812	333921	3.97	347733
123	13760	331804	3.98	345564
124	13291	330051	3.87	343342
125	13497	325054	3.99	338551
126	13021	318719	3.93	331740
127	11347	304768	3.59	316115
128	10685	277999	3.70	288684
129	7343	0	100.00	7343

