CpG context
===========
position	count methylated	count unmethylated	% methylation	coverage
1	16597	4104	80.17	20701
2	16831	4101	80.41	20932
3	17536	4060	81.20	21596
4	17242	4176	80.50	21418
5	16816	4103	80.39	20919
6	17585	3975	81.56	21560
7	18197	4188	81.29	22385
8	17868	4033	81.59	21901
9	17929	4178	81.10	22107
10	18144	4044	81.77	22188
11	18104	4002	81.90	22106
12	17671	3936	81.78	21607
13	18028	4033	81.72	22061
14	17823	4062	81.44	21885
15	18365	4085	81.80	22450
16	17452	3893	81.76	21345
17	17159	4027	80.99	21186
18	17701	3986	81.62	21687
19	17795	4134	81.15	21929
20	17505	3987	81.45	21492
21	17671	3944	81.75	21615
22	17742	3988	81.65	21730
23	17852	4273	80.69	22125
24	17851	3986	81.75	21837
25	17709	4060	81.35	21769
26	17344	4124	80.79	21468
27	16368	4027	80.25	20395
28	16208	3859	80.77	20067
29	16281	3975	80.38	20256
30	16440	3978	80.52	20418
31	16138	3999	80.14	20137
32	15960	3849	80.57	19809
33	16412	3929	80.68	20341
34	16118	3947	80.33	20065
35	15759	3768	80.70	19527
36	16352	3935	80.60	20287
37	16280	4064	80.02	20344
38	16354	3843	80.97	20197
39	16565	4046	80.37	20611
40	16674	3942	80.88	20616
41	15820	3884	80.29	19704
42	15366	3855	79.94	19221
43	15762	3889	80.21	19651
44	15750	3666	81.12	19416
45	15620	4027	79.50	19647
46	15061	3918	79.36	18979
47	15621	3941	79.85	19562
48	15526	3931	79.80	19457
49	15512	3755	80.51	19267
50	15657	3906	80.03	19563
51	15504	3968	79.62	19472
52	15866	3957	80.04	19823
53	15546	3858	80.12	19404
54	15900	3914	80.25	19814
55	15949	3713	81.12	19662
56	15567	3803	80.37	19370
57	16165	3838	80.81	20003
58	15391	3884	79.85	19275
59	15770	3826	80.48	19596
60	15645	3711	80.83	19356
61	15898	3925	80.20	19823
62	15666	3773	80.59	19439
63	15526	3820	80.25	19346
64	14996	3688	80.26	18684
65	15265	3735	80.34	19000
66	15309	3797	80.13	19106
67	15288	3846	79.90	19134
68	15593	3672	80.94	19265
69	15391	3785	80.26	19176
70	15590	3777	80.50	19367
71	15773	3801	80.58	19574
72	15346	3701	80.57	19047
73	15101	3704	80.30	18805
74	15132	3694	80.38	18826
75	14914	3717	80.05	18631
76	14762	3760	79.70	18522
77	14922	3629	80.44	18551
78	14956	3705	80.15	18661
79	14969	3771	79.88	18740
80	14921	3673	80.25	18594
81	15047	3687	80.32	18734
82	15061	3518	81.06	18579
83	14576	3633	80.05	18209
84	14960	3650	80.39	18610
85	14686	3775	79.55	18461
86	14618	3493	80.71	18111
87	14948	3639	80.42	18587
88	14832	3537	80.74	18369
89	14873	3632	80.37	18505
90	14977	3469	81.19	18446
91	14768	3458	81.03	18226
92	14824	3497	80.91	18321
93	14907	3536	80.83	18443
94	14754	3531	80.69	18285
95	14745	3534	80.67	18279
96	15109	3501	81.19	18610
97	15219	3614	80.81	18833
98	14937	3429	81.33	18366
99	14987	3490	81.11	18477
100	15234	3407	81.72	18641
101	14774	3430	81.16	18204
102	14589	3504	80.63	18093
103	14796	3394	81.34	18190
104	14478	3490	80.58	17968
105	14810	3365	81.49	18175
106	14430	3331	81.25	17761
107	14469	3310	81.38	17779
108	14258	3314	81.14	17572
109	13963	3411	80.37	17374
110	14228	3256	81.38	17484
111	13963	3290	80.93	17253
112	14014	3340	80.75	17354
113	14096	3402	80.56	17498
114	13928	3270	80.99	17198
115	13581	3275	80.57	16856
116	13750	3171	81.26	16921
117	13138	3155	80.64	16293
118	13291	3147	80.86	16438
119	13187	3281	80.08	16468
120	13557	3162	81.09	16719
121	13301	3129	80.96	16430
122	13068	3049	81.08	16117
123	13192	2930	81.83	16122
124	12585	3103	80.22	15688
125	12297	2850	81.18	15147
126	11946	2815	80.93	14761
127	11895	2854	80.65	14749
128	11312	2588	81.38	13900
129	7571	0	100.00	7571

CHG context
===========
position	count methylated	count unmethylated	% methylation	coverage
1	4965	92135	5.11	97100
2	4877	91393	5.07	96270
3	5128	91818	5.29	96946
4	4688	92262	4.84	96950
5	4844	90018	5.11	94862
6	5015	90343	5.26	95358
7	5184	90122	5.44	95306
8	4970	89392	5.27	94362
9	5172	88871	5.50	94043
10	4942	87698	5.33	92640
11	4791	86727	5.24	91518
12	4859	86651	5.31	91510
13	4762	85858	5.25	90620
14	5018	84400	5.61	89418
15	5021	85444	5.55	90465
16	4759	84663	5.32	89422
17	4719	84241	5.30	88960
18	4916	84826	5.48	89742
19	4918	85001	5.47	89919
20	4709	83923	5.31	88632
21	4773	83714	5.39	88487
22	4808	82981	5.48	87789
23	4909	84880	5.47	89789
24	5082	86010	5.58	91092
25	4890	84814	5.45	89704
26	4752	84648	5.32	89400
27	5051	84882	5.62	89933
28	4960	85852	5.46	90812
29	5139	87070	5.57	92209
30	4698	86571	5.15	91269
31	4749	85197	5.28	89946
32	4878	85479	5.40	90357
33	5007	86374	5.48	91381
34	5008	85567	5.53	90575
35	4741	84243	5.33	88984
36	4927	83526	5.57	88453
37	5056	84312	5.66	89368
38	5026	83378	5.69	88404
39	5000	83644	5.64	88644
40	5023	84307	5.62	89330
41	5213	85312	5.76	90525
42	4992	84582	5.57	89574
43	4903	83803	5.53	88706
44	5070	84267	5.68	89337
45	5014	83932	5.64	88946
46	4876	82998	5.55	87874
47	5079	82995	5.77	88074
48	5210	85130	5.77	90340
49	5107	84324	5.71	89431
50	4985	82895	5.67	87880
51	4938	81985	5.68	86923
52	4922	82494	5.63	87416
53	4886	82810	5.57	87696
54	4861	83713	5.49	88574
55	4943	82346	5.66	87289
56	4899	82085	5.63	86984
57	4890	82164	5.62	87054
58	4754	82849	5.43	87603
59	4918	82487	5.63	87405
60	4911	82039	5.65	86950
61	4685	82760	5.36	87445
62	4892	81616	5.65	86508
63	4867	82393	5.58	87260
64	4818	80972	5.62	85790
65	4915	80905	5.73	85820
66	4849	81408	5.62	86257
67	4858	81217	5.64	86075
68	4895	81433	5.67	86328
69	5011	81631	5.78	86642
70	4829	80618	5.65	85447
71	4987	81375	5.77	86362
72	4744	80969	5.53	85713
73	4933	81523	5.71	86456
74	4908	80789	5.73	85697
75	4845	81493	5.61	86338
76	4940	81779	5.70	86719
77	4759	82056	5.48	86815
78	4763	81458	5.52	86221
79	5018	81389	5.81	86407
80	4722	81588	5.47	86310
81	4869	81607	5.63	86476
82	4803	80412	5.64	85215
83	4949	81111	5.75	86060
84	4828	79765	5.71	84593
85	4752	79216	5.66	83968
86	4645	79169	5.54	83814
87	4531	79562	5.39	84093
88	4791	79028	5.72	83819
89	4901	79328	5.82	84229
90	4733	79289	5.63	84022
91	4757	77699	5.77	82456
92	4475	77136	5.48	81611
93	4680	76553	5.76	81233
94	4774	75919	5.92	80693
95	4752	76299	5.86	81051
96	4584	76798	5.63	81382
97	4599	76309	5.68	80908
98	4554	76288	5.63	80842
99	4559	75078	5.72	79637
100	4659	74580	5.88	79239
101	4688	75398	5.85	80086
102	4694	74163	5.95	78857
103	4701	74409	5.94	79110
104	4704	73970	5.98	78674
105	4523	73713	5.78	78236
106	4539	73078	5.85	77617
107	4671	73764	5.96	78435
108	4611	73436	5.91	78047
109	4652	72719	6.01	77371
110	4746	72774	6.12	77520
111	4659	72431	6.04	77090
112	4651	73208	5.97	77859
113	4643	72655	6.01	77298
114	4433	72018	5.80	76451
115	4622	71159	6.10	75781
116	4669	71635	6.12	76304
117	4490	70699	5.97	75189
118	4437	69703	5.98	74140
119	4632	70775	6.14	75407
120	4441	69446	6.01	73887
121	4413	68320	6.07	72733
122	4394	68302	6.04	72696
123	4404	66909	6.18	71313
124	4342	65836	6.19	70178
125	4240	64292	6.19	68532
126	4128	63067	6.14	67195
127	3830	60825	5.92	64655
128	3478	55801	5.87	59279
129	1996	0	100.00	1996

CHH context
===========
position	count methylated	count unmethylated	% methylation	coverage
1	18240	310726	5.54	328966
2	19336	304266	5.98	323602
3	19555	305537	6.02	325092
4	19203	303846	5.94	323049
5	19445	297697	6.13	317142
6	19363	293033	6.20	312396
7	20210	289303	6.53	309513
8	20396	291058	6.55	311454
9	20522	296179	6.48	316701
10	20598	294906	6.53	315504
11	20918	295710	6.61	316628
12	20573	296416	6.49	316989
13	20315	293054	6.48	313369
14	20174	289328	6.52	309502
15	20237	286562	6.60	306799
16	19659	287553	6.40	307212
17	19812	286249	6.47	306061
18	19652	284079	6.47	303731
19	19470	280580	6.49	300050
20	19380	283528	6.40	302908
21	19951	285771	6.53	305722
22	19394	283966	6.39	303360
23	19794	283762	6.52	303556
24	19496	282262	6.46	301758
25	19664	286617	6.42	306281
26	19684	285516	6.45	305200
27	19887	283927	6.55	303814
28	19650	283624	6.48	303274
29	19813	284421	6.51	304234
30	19650	285294	6.44	304944
31	19622	282958	6.48	302580
32	19774	281715	6.56	301489
33	19816	283657	6.53	303473
34	19455	285767	6.37	305222
35	19951	288799	6.46	308750
36	19636	286591	6.41	306227
37	20117	285818	6.58	305935
38	20255	285704	6.62	305959
39	20457	286542	6.66	306999
40	20251	288359	6.56	308610
41	20602	290661	6.62	311263
42	20454	291026	6.57	311480
43	19922	291073	6.41	310995
44	20708	291802	6.63	312510
45	20386	292993	6.51	313379
46	20584	289724	6.63	310308
47	20462	291112	6.57	311574
48	20401	289475	6.58	309876
49	20649	290175	6.64	310824
50	20870	289538	6.72	310408
51	20351	290218	6.55	310569
52	20605	289289	6.65	309894
53	20408	289706	6.58	310114
54	20435	289785	6.59	310220
55	20481	288875	6.62	309356
56	20090	288107	6.52	308197
57	20352	288106	6.60	308458
58	20302	286725	6.61	307027
59	20342	287624	6.61	307966
60	20141	286881	6.56	307022
61	20234	284932	6.63	305166
62	20339	283206	6.70	303545
63	20374	283665	6.70	304039
64	19893	283479	6.56	303372
65	19697	282915	6.51	302612
66	19881	283039	6.56	302920
67	19834	282365	6.56	302199
68	19385	282777	6.42	302162
69	20082	282134	6.64	302216
70	20234	283519	6.66	303753
71	20031	282830	6.61	302861
72	20132	283866	6.62	303998
73	20079	283326	6.62	303405
74	19948	284159	6.56	304107
75	19907	282403	6.58	302310
76	20095	283529	6.62	303624
77	19631	284982	6.44	304613
78	19873	283056	6.56	302929
79	20068	282733	6.63	302801
80	20064	283104	6.62	303168
81	19889	285374	6.52	305263
82	19850	285992	6.49	305842
83	19807	282983	6.54	302790
84	20031	283492	6.60	303523
85	19501	282046	6.47	301547
86	19706	279704	6.58	299410
87	19467	279221	6.52	298688
88	19335	277085	6.52	296420
89	19449	277325	6.55	296774
90	19831	276248	6.70	296079
91	19946	275492	6.75	295438
92	19861	275293	6.73	295154
93	19811	275620	6.71	295431
94	19579	274483	6.66	294062
95	19517	273384	6.66	292901
96	19484	271711	6.69	291195
97	19515	271081	6.72	290596
98	19653	270484	6.77	290137
99	19222	269363	6.66	288585
100	19157	269664	6.63	288821
101	19340	268579	6.72	287919
102	19542	268064	6.79	287606
103	19158	266438	6.71	285596
104	19031	266716	6.66	285747
105	19154	266036	6.72	285190
106	19236	263879	6.79	283115
107	18829	262093	6.70	280922
108	19140	260955	6.83	280095
109	19191	259219	6.89	278410
110	19287	256278	7.00	275565
111	19033	255649	6.93	274682
112	18760	254670	6.86	273430
113	18374	253275	6.76	271649
114	18416	253117	6.78	271533
115	18355	251597	6.80	269952
116	18509	250482	6.88	268991
117	18247	249332	6.82	267579
118	18409	247292	6.93	265701
119	18224	246133	6.89	264357
120	18089	245359	6.87	263448
121	17816	242619	6.84	260435
122	18038	240988	6.96	259026
123	17456	238789	6.81	256245
124	17116	234724	6.80	251840
125	17124	232064	6.87	249188
126	16181	224142	6.73	240323
127	14366	215906	6.24	230272
128	13252	195357	6.35	208609
129	7358	0	100.00	7358

