CpG context
===========
position	count methylated	count unmethylated	% methylation	coverage
1	6872	4003	63.19	10875
2	7919	2848	73.55	10767
3	7734	2128	78.42	9862
4	7947	1822	81.35	9769
5	7900	1719	82.13	9619
6	7859	1534	83.67	9393
7	7669	1515	83.50	9184
8	7556	1352	84.82	8908
9	7331	1399	83.97	8730
10	7505	1385	84.42	8890
11	7399	1355	84.52	8754
12	7482	1424	84.01	8906
13	7237	1438	83.42	8675
14	7528	1361	84.69	8889
15	7329	1359	84.36	8688
16	7458	1365	84.53	8823
17	7475	1365	84.56	8840
18	7301	1412	83.79	8713
19	7383	1423	83.84	8806
20	7352	1321	84.77	8673
21	7326	1387	84.08	8713
22	7273	1310	84.74	8583
23	7170	1310	84.55	8480
24	7291	1296	84.91	8587
25	7421	1318	84.92	8739
26	7377	1378	84.26	8755
27	7184	1327	84.41	8511
28	7199	1362	84.09	8561
29	7189	1320	84.49	8509
30	7206	1329	84.43	8535
31	7224	1362	84.14	8586
32	7325	1362	84.32	8687
33	7212	1299	84.74	8511
34	7058	1369	83.75	8427
35	7112	1358	83.97	8470
36	7205	1379	83.94	8584
37	6840	1310	83.93	8150
38	7015	1332	84.04	8347
39	7053	1341	84.02	8394
40	7082	1255	84.95	8337
41	7143	1317	84.43	8460
42	7058	1327	84.17	8385
43	7269	1325	84.58	8594
44	7164	1423	83.43	8587
45	7183	1343	84.25	8526
46	7232	1401	83.77	8633
47	7218	1301	84.73	8519
48	6960	1445	82.81	8405
49	6884	1293	84.19	8177
50	7033	1299	84.41	8332
51	7061	1257	84.89	8318
52	6991	1229	85.05	8220
53	6866	1307	84.01	8173
54	7125	1306	84.51	8431
55	7345	1318	84.79	8663
56	6889	1282	84.31	8171
57	7207	1287	84.85	8494
58	6877	1329	83.80	8206
59	7126	1377	83.81	8503
60	6942	1356	83.66	8298
61	7207	1330	84.42	8537
62	6802	1347	83.47	8149
63	7043	1349	83.93	8392
64	6835	1304	83.98	8139
65	6652	1274	83.93	7926
66	6705	1365	83.09	8070
67	6891	1315	83.98	8206
68	6849	1268	84.38	8117
69	6666	1309	83.59	7975
70	6624	1262	84.00	7886
71	6637	1293	83.69	7930
72	6636	1279	83.84	7915
73	6698	1242	84.36	7940
74	6604	1313	83.42	7917
75	6712	1312	83.65	8024
76	6709	1295	83.82	8004
77	6730	1249	84.35	7979
78	6674	1252	84.20	7926
79	6751	1233	84.56	7984
80	6687	1284	83.89	7971
81	6721	1317	83.62	8038
82	6515	1287	83.50	7802
83	6746	1219	84.70	7965
84	6769	1283	84.07	8052
85	6448	1235	83.93	7683
86	6661	1297	83.70	7958
87	6702	1244	84.34	7946
88	6622	1312	83.46	7934
89	6713	1302	83.76	8015
90	6834	1294	84.08	8128
91	6502	1216	84.24	7718
92	6535	1188	84.62	7723
93	6729	1300	83.81	8029
94	6505	1208	84.34	7713
95	6572	1232	84.21	7804
96	6471	1215	84.19	7686
97	6663	1154	85.24	7817
98	6509	1183	84.62	7692
99	6609	1208	84.55	7817
100	6439	1211	84.17	7650
101	6423	1184	84.44	7607
102	6541	1175	84.77	7716
103	6553	1264	83.83	7817
104	6541	1206	84.43	7747
105	6223	1233	83.46	7456
106	6538	1139	85.16	7677
107	6351	1140	84.78	7491
108	5990	1205	83.25	7195
109	6209	1130	84.60	7339
110	6093	1137	84.27	7230
111	6169	1145	84.35	7314
112	6126	1181	83.84	7307
113	6105	1151	84.14	7256
114	6116	1146	84.22	7262
115	6042	1147	84.05	7189
116	5912	1059	84.81	6971
117	6139	1151	84.21	7290
118	6015	1110	84.42	7125
119	5992	1125	84.19	7117
120	6090	1067	85.09	7157
121	5952	1045	85.07	6997
122	5822	1087	84.27	6909
123	5922	1074	84.65	6996
124	5967	1091	84.54	7058
125	5960	1111	84.29	7071
126	5766	1104	83.93	6870
127	5850	1103	84.14	6953
128	5764	1036	84.76	6800
129	5932	1188	83.31	7120
130	5672	1062	84.23	6734
131	5686	1063	84.25	6749
132	6041	1108	84.50	7149
133	5807	1065	84.50	6872
134	5692	1057	84.34	6749
135	5717	1145	83.31	6862
136	5760	1046	84.63	6806
137	5562	996	84.81	6558
138	5581	1038	84.32	6619
139	5635	1037	84.46	6672
140	5372	957	84.88	6329
141	5537	995	84.77	6532
142	5338	990	84.36	6328
143	5342	1008	84.13	6350
144	5206	923	84.94	6129
145	3933	634	86.12	4567

CHG context
===========
position	count methylated	count unmethylated	% methylation	coverage
1	4633	37730	10.94	42363
2	3399	37017	8.41	40416
3	2444	37615	6.10	40059
4	1970	38148	4.91	40118
5	1692	37224	4.35	38916
6	1669	37517	4.26	39186
7	1539	37289	3.96	38828
8	1506	36623	3.95	38129
9	1653	37119	4.26	38772
10	1712	36851	4.44	38563
11	1657	37630	4.22	39287
12	1656	37547	4.22	39203
13	1674	37803	4.24	39477
14	1816	37623	4.60	39439
15	1744	37719	4.42	39463
16	1676	37436	4.29	39112
17	1669	37206	4.29	38875
18	1728	37346	4.42	39074
19	1633	37275	4.20	38908
20	1729	37281	4.43	39010
21	1726	36432	4.52	38158
22	1744	36888	4.51	38632
23	1792	36471	4.68	38263
24	1863	36675	4.83	38538
25	1700	36151	4.49	37851
26	1791	36256	4.71	38047
27	1766	36787	4.58	38553
28	1801	36390	4.72	38191
29	1831	36262	4.81	38093
30	1600	36583	4.19	38183
31	1798	36552	4.69	38350
32	1796	36095	4.74	37891
33	1790	36360	4.69	38150
34	1778	36579	4.64	38357
35	1727	36613	4.50	38340
36	1707	35876	4.54	37583
37	1843	36150	4.85	37993
38	1759	35902	4.67	37661
39	1736	36545	4.53	38281
40	1731	36099	4.58	37830
41	1724	35836	4.59	37560
42	1813	35896	4.81	37709
43	1774	35661	4.74	37435
44	1765	35365	4.75	37130
45	1691	35049	4.60	36740
46	1784	35513	4.78	37297
47	1728	35646	4.62	37374
48	1745	35287	4.71	37032
49	1770	34957	4.82	36727
50	1775	35391	4.78	37166
51	1760	35279	4.75	37039
52	1834	35594	4.90	37428
53	1845	35105	4.99	36950
54	1696	35700	4.54	37396
55	1869	35348	5.02	37217
56	1850	35395	4.97	37245
57	1741	35336	4.70	37077
58	1848	35211	4.99	37059
59	1839	35189	4.97	37028
60	1774	34900	4.84	36674
61	1726	35411	4.65	37137
62	1806	35681	4.82	37487
63	1699	35156	4.61	36855
64	1805	34800	4.93	36605
65	1815	34822	4.95	36637
66	1810	34791	4.95	36601
67	1832	34720	5.01	36552
68	1837	34570	5.05	36407
69	1703	33993	4.77	35696
70	1696	34929	4.63	36625
71	1719	34478	4.75	36197
72	1807	34755	4.94	36562
73	1769	34416	4.89	36185
74	1757	34869	4.80	36626
75	1665	34349	4.62	36014
76	1728	34560	4.76	36288
77	1633	34137	4.57	35770
78	1641	34419	4.55	36060
79	1647	34724	4.53	36371
80	1646	34519	4.55	36165
81	1684	34371	4.67	36055
82	1655	34947	4.52	36602
83	1707	34533	4.71	36240
84	1805	33995	5.04	35800
85	1703	34484	4.71	36187
86	1609	34219	4.49	35828
87	1642	34123	4.59	35765
88	1595	33764	4.51	35359
89	1653	33231	4.74	34884
90	1671	33204	4.79	34875
91	1660	33490	4.72	35150
92	1665	33652	4.71	35317
93	1710	33013	4.92	34723
94	1726	32939	4.98	34665
95	1680	32761	4.88	34441
96	1622	32892	4.70	34514
97	1757	33138	5.04	34895
98	1690	32630	4.92	34320
99	1714	32584	5.00	34298
100	1680	32771	4.88	34451
101	1699	32738	4.93	34437
102	1705	32248	5.02	33953
103	1745	32612	5.08	34357
104	1672	32861	4.84	34533
105	1655	32009	4.92	33664
106	1713	31896	5.10	33609
107	1760	32074	5.20	33834
108	1680	31773	5.02	33453
109	1734	31478	5.22	33212
110	1694	31289	5.14	32983
111	1698	31546	5.11	33244
112	1667	31400	5.04	33067
113	1695	31355	5.13	33050
114	1668	30688	5.16	32356
115	1768	30658	5.45	32426
116	1661	31052	5.08	32713
117	1710	30861	5.25	32571
118	1596	30798	4.93	32394
119	1719	30716	5.30	32435
120	1655	30196	5.20	31851
121	1646	30695	5.09	32341
122	1596	30213	5.02	31809
123	1574	29734	5.03	31308
124	1673	30145	5.26	31818
125	1612	29999	5.10	31611
126	1680	29609	5.37	31289
127	1692	29561	5.41	31253
128	1717	29764	5.45	31481
129	1606	29142	5.22	30748
130	1617	29081	5.27	30698
131	1658	29431	5.33	31089
132	1600	28917	5.24	30517
133	1667	28942	5.45	30609
134	1591	28934	5.21	30525
135	1664	29126	5.40	30790
136	1594	28687	5.26	30281
137	1545	27998	5.23	29543
138	1590	28120	5.35	29710
139	1507	27806	5.14	29313
140	1570	27814	5.34	29384
141	1465	26704	5.20	28169
142	1396	26155	5.07	27551
143	1283	22967	5.29	24250
144	1307	23470	5.28	24777
145	1008	20046	4.79	21054

CHH context
===========
position	count methylated	count unmethylated	% methylation	coverage
1	11337	90237	11.16	101574
2	9765	94403	9.37	104168
3	7834	99872	7.27	107706
4	6838	103462	6.20	110300
5	6190	103325	5.65	109515
6	6074	104136	5.51	110210
7	5925	105137	5.33	111062
8	6104	107080	5.39	113184
9	6267	108008	5.48	114275
10	6433	109044	5.57	115477
11	6209	109896	5.35	116105
12	6137	110499	5.26	116636
13	6034	110800	5.16	116834
14	6418	110087	5.51	116505
15	6156	110142	5.29	116298
16	6280	110195	5.39	116475
17	6330	110220	5.43	116550
18	6303	110640	5.39	116943
19	6463	110010	5.55	116473
20	6326	109484	5.46	115810
21	6232	109372	5.39	115604
22	6796	109791	5.83	116587
23	6527	109937	5.60	116464
24	6689	110907	5.69	117596
25	6628	110622	5.65	117250
26	6637	111628	5.61	118265
27	6484	110607	5.54	117091
28	6579	111385	5.58	117964
29	6676	110687	5.69	117363
30	6503	111279	5.52	117782
31	6582	110470	5.62	117052
32	6770	111221	5.74	117991
33	6854	111556	5.79	118410
34	6670	111559	5.64	118229
35	6737	111740	5.69	118477
36	6682	112020	5.63	118702
37	6696	112203	5.63	118899
38	6832	111896	5.75	118728
39	6717	111446	5.68	118163
40	6671	111907	5.63	118578
41	6843	111662	5.77	118505
42	6810	111934	5.74	118744
43	6993	112309	5.86	119302
44	6608	111895	5.58	118503
45	6767	112840	5.66	119607
46	6839	112470	5.73	119309
47	6890	112803	5.76	119693
48	6978	112088	5.86	119066
49	6913	112382	5.79	119295
50	7054	113366	5.86	120420
51	6849	112890	5.72	119739
52	6935	112641	5.80	119576
53	7055	113186	5.87	120241
54	7064	113185	5.87	120249
55	7239	113697	5.99	120936
56	6921	112918	5.78	119839
57	6953	114632	5.72	121585
58	7239	114267	5.96	121506
59	6979	113900	5.77	120879
60	7191	115321	5.87	122512
61	7158	114373	5.89	121531
62	7064	114086	5.83	121150
63	7039	113267	5.85	120306
64	7050	113754	5.84	120804
65	6969	114515	5.74	121484
66	6842	114208	5.65	121050
67	6835	113926	5.66	120761
68	6957	113527	5.77	120484
69	6795	113732	5.64	120527
70	6862	113873	5.68	120735
71	6754	113561	5.61	120315
72	6687	112715	5.60	119402
73	6775	112385	5.69	119160
74	6641	112523	5.57	119164
75	6728	111793	5.68	118521
76	6766	111113	5.74	117879
77	6542	111119	5.56	117661
78	6748	111027	5.73	117775
79	6558	111736	5.54	118294
80	6566	110799	5.59	117365
81	6578	111163	5.59	117741
82	6435	111439	5.46	117874
83	6554	111370	5.56	117924
84	6512	111359	5.52	117871
85	6592	111799	5.57	118391
86	6292	111262	5.35	117554
87	6587	111569	5.57	118156
88	6472	110873	5.52	117345
89	6778	111702	5.72	118480
90	6752	110720	5.75	117472
91	6682	111037	5.68	117719
92	6639	110321	5.68	116960
93	6647	110535	5.67	117182
94	6611	110495	5.65	117106
95	6892	110852	5.85	117744
96	6904	110042	5.90	116946
97	6918	109798	5.93	116716
98	6928	111067	5.87	117995
99	6712	110161	5.74	116873
100	6719	109539	5.78	116258
101	7088	109127	6.10	116215
102	6803	109907	5.83	116710
103	6883	109194	5.93	116077
104	6759	108364	5.87	115123
105	6816	108747	5.90	115563
106	6897	107781	6.01	114678
107	6766	107764	5.91	114530
108	6891	108008	6.00	114899
109	6541	108065	5.71	114606
110	6765	107568	5.92	114333
111	6751	106907	5.94	113658
112	6798	107164	5.97	113962
113	6778	106674	5.97	113452
114	6757	106281	5.98	113038
115	6862	106043	6.08	112905
116	6790	105601	6.04	112391
117	6968	105559	6.19	112527
118	6679	105675	5.94	112354
119	6853	104777	6.14	111630
120	7007	104502	6.28	111509
121	6621	104441	5.96	111062
122	6979	104487	6.26	111466
123	6631	103752	6.01	110383
124	6659	103790	6.03	110449
125	6830	103476	6.19	110306
126	6928	103790	6.26	110718
127	6737	103169	6.13	109906
128	6587	102752	6.02	109339
129	6673	102859	6.09	109532
130	6710	103062	6.11	109772
131	6820	101932	6.27	108752
132	6597	101842	6.08	108439
133	6789	101480	6.27	108269
134	6834	101361	6.32	108195
135	6652	101262	6.16	107914
136	6587	100992	6.12	107579
137	6571	100687	6.13	107258
138	6360	100850	5.93	107210
139	6327	99999	5.95	106326
140	6237	98556	5.95	104793
141	6175	97871	5.93	104046
142	6172	95788	6.05	101960
143	6023	94746	5.98	100769
144	5544	90744	5.76	96288
145	3957	78146	4.82	82103

