CpG context
===========
position	count methylated	count unmethylated	% methylation	coverage
1	1515	591	71.94	2106
2	657	257	71.88	914
3	709	294	70.69	1003
4	509	226	69.25	735
5	765	326	70.12	1091
6	598	225	72.66	823
7	611	232	72.48	843
8	794	317	71.47	1111
9	1096	319	77.46	1415
10	1230	390	75.93	1620
11	1312	347	79.08	1659
12	1468	405	78.38	1873
13	1401	397	77.92	1798
14	1054	300	77.84	1354
15	1107	259	81.04	1366
16	844	311	73.07	1155
17	765	226	77.19	991
18	625	216	74.32	841
19	684	218	75.83	902
20	535	160	76.98	695
21	567	177	76.21	744
22	683	217	75.89	900
23	775	243	76.13	1018
24	763	272	73.72	1035
25	898	301	74.90	1199
26	810	272	74.86	1082
27	1428	443	76.32	1871
28	1179	330	78.13	1509
29	907	286	76.03	1193
30	674	188	78.19	862
31	944	233	80.20	1177
32	690	239	74.27	929
33	804	221	78.44	1025
34	635	193	76.69	828
35	867	223	79.54	1090
36	975	246	79.85	1221
37	1193	263	81.94	1456
38	927	234	79.84	1161
39	1065	251	80.93	1316
40	1811	353	83.69	2164
41	1396	280	83.29	1676
42	1379	319	81.21	1698
43	1532	339	81.88	1871
44	802	216	78.78	1018
45	892	246	78.38	1138
46	691	205	77.12	896
47	1004	264	79.18	1268
48	581	182	76.15	763
49	814	216	79.03	1030
50	801	174	82.15	975
51	1448	323	81.76	1771
52	1386	397	77.73	1783
53	981	288	77.30	1269
54	1589	395	80.09	1984
55	1873	411	82.01	2284
56	1425	345	80.51	1770
57	1236	301	80.42	1537
58	1340	297	81.86	1637
59	1582	394	80.06	1976
60	989	269	78.62	1258
61	1228	288	81.00	1516
62	599	164	78.51	763
63	1004	271	78.75	1275
64	718	187	79.34	905
65	923	240	79.36	1163
66	1260	247	83.61	1507
67	1106	277	79.97	1383
68	1068	287	78.82	1355
69	1158	278	80.64	1436
70	1091	269	80.22	1360
71	1129	237	82.65	1366
72	1354	275	83.12	1629
73	991	253	79.66	1244
74	626	179	77.76	805
75	791	216	78.55	1007
76	538	196	73.30	734
77	631	197	76.21	828
78	534	188	73.96	722
79	581	171	77.26	752
80	552	184	75.00	736
81	813	251	76.41	1064
82	1391	455	75.35	1846
83	1532	383	80.00	1915
84	1837	430	81.03	2267
85	1519	324	82.42	1843
86	1276	257	83.24	1533
87	1468	341	81.15	1809
88	1131	271	80.67	1402
89	1357	275	83.15	1632
90	631	183	77.52	814
91	755	209	78.32	964
92	639	151	80.89	790
93	811	218	78.81	1029
94	825	239	77.54	1064
95	1188	290	80.38	1478
96	1000	254	79.74	1254
97	1003	278	78.30	1281
98	1387	317	81.40	1704
99	1372	263	83.91	1635
100	1228	316	79.53	1544
101	1398	330	80.90	1728
102	822	243	77.18	1065
103	891	234	79.20	1125
104	683	222	75.47	905
105	771	253	75.29	1024
106	531	189	73.75	720
107	692	197	77.84	889
108	552	180	75.41	732
109	853	234	78.47	1087
110	1040	280	78.79	1320
111	1021	261	79.64	1282
112	1496	357	80.73	1853
113	1235	337	78.56	1572
114	985	292	77.13	1277
115	930	260	78.15	1190
116	845	282	74.98	1127
117	743	205	78.38	948
118	597	202	74.72	799
119	619	195	76.04	814
120	575	196	74.58	771
121	670	194	77.55	864
122	523	195	72.84	718
123	735	230	76.17	965
124	1066	328	76.47	1394
125	779	296	72.47	1075
126	708	199	78.06	907
127	811	256	76.01	1067
128	702	227	75.57	929
129	525	0	100.00	525

CHG context
===========
position	count methylated	count unmethylated	% methylation	coverage
1	15	3068	0.49	3083
2	18	2760	0.65	2778
3	35	3463	1.00	3498
4	32	3409	0.93	3441
5	22	2913	0.75	2935
6	18	2740	0.65	2758
7	13	2538	0.51	2551
8	12	2661	0.45	2673
9	29	2452	1.17	2481
10	21	2774	0.75	2795
11	13	2418	0.53	2431
12	19	2434	0.77	2453
13	35	2948	1.17	2983
14	14	2641	0.53	2655
15	33	2907	1.12	2940
16	56	3016	1.82	3072
17	43	4049	1.05	4092
18	39	3914	0.99	3953
19	30	3748	0.79	3778
20	42	3843	1.08	3885
21	43	3927	1.08	3970
22	44	3744	1.16	3788
23	39	3490	1.11	3529
24	38	3463	1.09	3501
25	20	2687	0.74	2707
26	27	3027	0.88	3054
27	32	3222	0.98	3254
28	35	3313	1.05	3348
29	39	3067	1.26	3106
30	41	3185	1.27	3226
31	35	3154	1.10	3189
32	40	3635	1.09	3675
33	21	3361	0.62	3382
34	28	2596	1.07	2624
35	18	2692	0.66	2710
36	15	2891	0.52	2906
37	30	2755	1.08	2785
38	13	2220	0.58	2233
39	17	2256	0.75	2273
40	28	2375	1.17	2403
41	11	2407	0.45	2418
42	26	2691	0.96	2717
43	16	2441	0.65	2457
44	26	2736	0.94	2762
45	28	3231	0.86	3259
46	19	3533	0.53	3552
47	35	3328	1.04	3363
48	30	3203	0.93	3233
49	28	3480	0.80	3508
50	30	3894	0.76	3924
51	18	3321	0.54	3339
52	32	3509	0.90	3541
53	23	2681	0.85	2704
54	34	3068	1.10	3102
55	28	3091	0.90	3119
56	43	3709	1.15	3752
57	48	3178	1.49	3226
58	34	2927	1.15	2961
59	56	3276	1.68	3332
60	65	3443	1.85	3508
61	39	3542	1.09	3581
62	43	3993	1.07	4036
63	27	3461	0.77	3488
64	34	3231	1.04	3265
65	37	2722	1.34	2759
66	27	2739	0.98	2766
67	25	2706	0.92	2731
68	25	2724	0.91	2749
69	23	2487	0.92	2510
70	25	2460	1.01	2485
71	30	2506	1.18	2536
72	16	2368	0.67	2384
73	17	2752	0.61	2769
74	28	3032	0.92	3060
75	32	3372	0.94	3404
76	28	2959	0.94	2987
77	24	2854	0.83	2878
78	30	3127	0.95	3157
79	28	3070	0.90	3098
80	22	3033	0.72	3055
81	23	2824	0.81	2847
82	29	2894	0.99	2923
83	30	2526	1.17	2556
84	28	2342	1.18	2370
85	35	2364	1.46	2399
86	17	2438	0.69	2455
87	28	2137	1.29	2165
88	30	2469	1.20	2499
89	26	2193	1.17	2219
90	31	2281	1.34	2312
91	37	2479	1.47	2516
92	28	2471	1.12	2499
93	31	2740	1.12	2771
94	16	2515	0.63	2531
95	27	2603	1.03	2630
96	35	2506	1.38	2541
97	28	2363	1.17	2391
98	15	2356	0.63	2371
99	29	2435	1.18	2464
100	32	2526	1.25	2558
101	16	2323	0.68	2339
102	16	2409	0.66	2425
103	30	2641	1.12	2671
104	36	3092	1.15	3128
105	41	3569	1.14	3610
106	32	2990	1.06	3022
107	32	3204	0.99	3236
108	39	3580	1.08	3619
109	32	3266	0.97	3298
110	46	3106	1.46	3152
111	25	3012	0.82	3037
112	55	2838	1.90	2893
113	26	2720	0.95	2746
114	35	2857	1.21	2892
115	16	2336	0.68	2352
116	19	2222	0.85	2241
117	10	2150	0.46	2160
118	21	2327	0.89	2348
119	24	2333	1.02	2357
120	28	2973	0.93	3001
121	21	2911	0.72	2932
122	37	3007	1.22	3044
123	23	2754	0.83	2777
124	17	2322	0.73	2339
125	20	2235	0.89	2255
126	19	2512	0.75	2531
127	17	2218	0.76	2235
128	13	2107	0.61	2120
129	9	0	100.00	9

CHH context
===========
position	count methylated	count unmethylated	% methylation	coverage
1	81	11349	0.71	11430
2	79	11015	0.71	11094
3	135	11821	1.13	11956
4	110	11552	0.94	11662
5	83	11663	0.71	11746
6	122	12522	0.96	12644
7	137	11711	1.16	11848
8	146	11579	1.25	11725
9	108	11451	0.93	11559
10	152	12741	1.18	12893
11	132	11810	1.11	11942
12	167	12523	1.32	12690
13	96	10565	0.90	10661
14	125	10567	1.17	10692
15	251	10501	2.33	10752
16	138	10107	1.35	10245
17	105	9995	1.04	10100
18	129	9688	1.31	9817
19	165	10258	1.58	10423
20	118	9818	1.19	9936
21	160	11918	1.32	12078
22	209	11162	1.84	11371
23	209	11394	1.80	11603
24	626	12783	4.67	13409
25	208	13192	1.55	13400
26	115	13502	0.84	13617
27	136	13311	1.01	13447
28	121	12693	0.94	12814
29	132	12054	1.08	12186
30	96	11733	0.81	11829
31	92	11470	0.80	11562
32	88	12045	0.73	12133
33	113	12595	0.89	12708
34	125	13646	0.91	13771
35	123	13506	0.90	13629
36	137	13302	1.02	13439
37	188	13219	1.40	13407
38	163	13881	1.16	14044
39	125	13440	0.92	13565
40	134	13190	1.01	13324
41	126	12330	1.01	12456
42	130	12664	1.02	12794
43	123	12222	1.00	12345
44	129	11413	1.12	11542
45	109	11279	0.96	11388
46	89	10160	0.87	10249
47	94	10093	0.92	10187
48	70	10301	0.67	10371
49	93	11060	0.83	11153
50	95	11009	0.86	11104
51	125	11834	1.05	11959
52	122	11852	1.02	11974
53	111	11626	0.95	11737
54	134	12250	1.08	12384
55	115	12161	0.94	12276
56	112	12861	0.86	12973
57	91	12086	0.75	12177
58	84	11580	0.72	11664
59	100	10792	0.92	10892
60	117	11194	1.03	11311
61	75	11301	0.66	11376
62	101	11386	0.88	11487
63	107	11684	0.91	11791
64	93	12171	0.76	12264
65	103	12101	0.84	12204
66	73	11488	0.63	11561
67	110	11704	0.93	11814
68	123	13029	0.94	13152
69	101	12409	0.81	12510
70	107	12211	0.87	12318
71	107	12092	0.88	12199
72	108	11700	0.91	11808
73	115	10808	1.05	10923
74	119	11012	1.07	11131
75	105	10694	0.97	10799
76	101	10339	0.97	10440
77	124	10531	1.16	10655
78	101	10752	0.93	10853
79	97	11578	0.83	11675
80	110	11659	0.93	11769
81	112	11376	0.97	11488
82	150	11688	1.27	11838
83	123	12927	0.94	13050
84	150	13961	1.06	14111
85	154	13540	1.12	13694
86	124	13018	0.94	13142
87	85	12049	0.70	12134
88	120	12597	0.94	12717
89	140	12283	1.13	12423
90	98	12461	0.78	12559
91	131	13558	0.96	13689
92	144	13770	1.03	13914
93	162	13567	1.18	13729
94	106	13055	0.81	13161
95	115	12716	0.90	12831
96	135	14574	0.92	14709
97	146	14331	1.01	14477
98	149	14556	1.01	14705
99	85	12282	0.69	12367
100	115	12245	0.93	12360
101	109	12304	0.88	12413
102	119	12225	0.96	12344
103	115	11552	0.99	11667
104	94	10747	0.87	10841
105	99	10403	0.94	10502
106	90	10064	0.89	10154
107	98	10892	0.89	10990
108	86	11526	0.74	11612
109	138	12177	1.12	12315
110	111	12091	0.91	12202
111	108	12895	0.83	13003
112	132	13696	0.95	13828
113	118	13812	0.85	13930
114	128	15295	0.83	15423
115	140	14417	0.96	14557
116	107	13306	0.80	13413
117	114	13222	0.85	13336
118	102	12600	0.80	12702
119	106	11907	0.88	12013
120	84	11738	0.71	11822
121	110	11956	0.91	12066
122	98	11051	0.88	11149
123	127	10736	1.17	10863
124	96	11512	0.83	11608
125	111	11405	0.96	11516
126	86	12066	0.71	12152
127	66	11548	0.57	11614
128	51	10895	0.47	10946
129	31	0	100.00	31

