-134	151	10807	1.40
-133	354	23110	1.53
-132	380	25051	1.52
-131	428	23833	1.80
-130	455	24052	1.89
-129	488	24489	1.99
-128	435	24293	1.79
-127	483	24704	1.96
-126	451	25031	1.80
-125	460	24623	1.87
-124	443	24553	1.80
-123	513	24787	2.07
-122	524	24493	2.14
-121	466	24052	1.94
-120	548	24013	2.28
-119	474	24333	1.95
-118	488	24493	1.99
-117	451	24324	1.85
-116	566	24840	2.28
-115	487	24744	1.97
-114	533	24428	2.18
-113	461	24048	1.92
-112	455	23904	1.90
-111	454	24052	1.89
-110	452	24056	1.88
-109	442	24117	1.83
-108	493	24154	2.04
-107	514	23813	2.16
-106	437	24049	1.82
-105	470	24176	1.94
-104	513	24220	2.12
-103	446	24513	1.82
-102	441	24998	1.76
-101	482	24748	1.95
-100	462	24032	1.92
-99	493	24542	2.01
-98	543	24537	2.21
-97	498	24399	2.04
-96	440	24740	1.78
-95	468	24732	1.89
-94	484	24490	1.98
-93	504	24954	2.02
-92	521	24878	2.09
-91	495	25134	1.97
-90	507	24699	2.05
-89	522	25091	2.08
-88	507	25224	2.01
-87	529	24936	2.12
-86	566	25145	2.25
-85	534	25636	2.08
-84	511	25827	1.98
-83	549	25295	2.17
-82	508	25187	2.02
-81	567	25278	2.24
-80	516	25333	2.04
-79	489	25382	1.93
-78	534	25512	2.09
-77	474	25086	1.89
-76	456	25791	1.77
-75	513	25711	2.00
-74	491	25722	1.91
-73	455	25276	1.80
-72	482	25237	1.91
-71	543	24907	2.18
-70	495	25158	1.97
-69	451	25126	1.79
-68	518	25354	2.04
-67	507	25133	2.02
-66	453	25139	1.80
-65	457	24967	1.83
-64	543	24879	2.18
-63	487	25319	1.92
-62	514	24900	2.06
-61	522	25149	2.08
-60	481	25097	1.92
-59	494	25197	1.96
-58	531	25103	2.12
-57	536	25400	2.11
-56	540	25230	2.14
-55	545	25584	2.13
-54	503	25211	2.00
-53	490	25666	1.91
-52	485	25406	1.91
-51	518	25132	2.06
-50	530	25218	2.10
-49	516	24945	2.07
-48	499	25832	1.93
-47	493	25550	1.93
-46	495	25944	1.91
-45	515	25203	2.04
-44	519	25638	2.02
-43	513	26013	1.97
-42	484	25125	1.93
-41	520	25479	2.04
-40	601	25963	2.31
-39	516	25095	2.06
-38	510	25410	2.01
-37	567	25480	2.23
-36	492	25530	1.93
-35	597	25610	2.33
-34	488	25578	1.91
-33	533	25848	2.06
-32	593	25663	2.31
-31	545	25421	2.14
-30	523	25329	2.06
-29	586	25501	2.30
-28	506	24975	2.03
-27	503	25669	1.96
-26	542	24897	2.18
-25	510	25701	1.98
-24	475	25480	1.86
-23	612	25299	2.42
-22	513	25319	2.03
-21	468	24768	1.89
-20	456	24515	1.86
-19	495	24748	2.00
-18	514	24682	2.08
-17	526	25105	2.10
-16	519	25279	2.05
-15	555	25249	2.20
-14	522	25150	2.08
-13	502	25173	1.99
-12	564	25127	2.24
-11	504	24235	2.08
-10	519	24268	2.14
-9	524	24842	2.11
-8	540	24802	2.18
-7	530	25086	2.11
-6	498	25634	1.94
-5	524	25028	2.09
-4	423	24011	1.76
-3	405	23204	1.75
-2	393	23865	1.65
2	306	809	37.82
3	1750	3740	46.79
4	3552	8269	42.96
5	5164	16623	31.07
6	3680	16214	22.70
7	2004	13993	14.32
8	1229	13013	9.44
9	805	12461	6.46
10	465	12862	3.62
11	375	13242	2.83
12	308	13648	2.26
13	369	14123	2.61
14	325	14377	2.26
15	334	14749	2.26
16	281	14120	1.99
17	277	14738	1.88
18	309	14594	2.12
19	267	14533	1.84
20	325	14913	2.18
21	280	14853	1.89
22	325	14694	2.21
23	296	14719	2.01
24	264	14722	1.79
25	316	14730	2.15
26	302	14716	2.05
27	301	14858	2.03
28	363	14660	2.48
29	296	15161	1.95
30	323	14956	2.16
31	358	15178	2.36
32	317	15209	2.08
33	259	14926	1.74
34	278	14918	1.86
35	305	14850	2.05
36	311	14721	2.11
37	330	15208	2.17
38	330	14724	2.24
39	338	15140	2.23
40	345	14852	2.32
41	254	15125	1.68
42	375	15205	2.47
43	285	14592	1.95
44	329	15018	2.19
45	314	14730	2.13
46	350	14969	2.34
47	278	14748	1.89
48	341	15397	2.21
49	301	15092	1.99
50	301	15119	1.99
51	328	15000	2.19
52	331	14939	2.22
53	331	15048	2.20
54	335	15017	2.23
55	299	15097	1.98
56	352	15112	2.33
57	314	15084	2.08
58	292	15355	1.90
59	288	15219	1.89
60	330	15099	2.19
61	273	15132	1.80
62	326	15048	2.17
63	301	15115	1.99
64	324	15161	2.14
65	355	15256	2.33
66	298	15169	1.96
67	323	15426	2.09
68	293	15321	1.91
69	329	15203	2.16
70	317	14898	2.13
71	343	14950	2.29
72	308	15669	1.97
73	331	14841	2.23
74	329	14995	2.19
75	346	15629	2.21
76	302	15392	1.96
77	339	15298	2.22
78	308	14946	2.06
79	289	15460	1.87
80	386	14818	2.60
81	304	14509	2.10
82	328	15280	2.15
83	338	15098	2.24
84	291	14974	1.94
85	332	15784	2.10
86	276	14987	1.84
87	306	15087	2.03
88	309	14788	2.09
89	301	14920	2.02
90	366	15461	2.37
91	348	15258	2.28
92	303	15103	2.01
93	289	15341	1.88
94	340	14923	2.28
95	292	15337	1.90
96	284	15270	1.86
97	358	14945	2.40
98	303	15539	1.95
99	326	15177	2.15
100	366	15282	2.39
101	303	15273	1.98
102	345	15364	2.25
103	316	15527	2.04
104	344	15667	2.20
105	315	15522	2.03
106	328	14970	2.19
107	332	15427	2.15
108	350	15216	2.30
109	304	15342	1.98
110	325	15145	2.15
111	311	15244	2.04
112	263	15467	1.70
113	315	15216	2.07
114	326	15342	2.12
115	313	15436	2.03
116	273	15423	1.77
117	311	15651	1.99
118	338	15139	2.23
119	286	15370	1.86
120	309	15136	2.04
121	338	15113	2.24
122	275	15306	1.80
123	347	15335	2.26
124	293	15362	1.91
125	326	15093	2.16
126	348	15173	2.29
127	286	15194	1.88
128	340	15149	2.24
129	319	15241	2.09
130	287	15184	1.89
131	306	15113	2.02
132	284	15163	1.87
133	338	15361	2.20
134	345	14983	2.30
135	336	14804	2.27
136	315	15017	2.10
137	302	15165	1.99
138	377	14819	2.54
139	308	15069	2.04
140	305	14909	2.05
141	305	14669	2.08
142	311	14612	2.13
143	327	14721	2.22
144	335	14763	2.27
145	249	14433	1.73
146	319	14367	2.22
147	294	13798	2.13
148	277	13559	2.04
149	262	11759	2.23
150	110	8166	1.35
