-134	65	5892	1.10
-133	145	13599	1.07
-132	184	14821	1.24
-131	203	14734	1.38
-130	167	14822	1.13
-129	234	14543	1.61
-128	232	14615	1.59
-127	254	14504	1.75
-126	247	14877	1.66
-125	206	15012	1.37
-124	212	14696	1.44
-123	240	14501	1.66
-122	305	14380	2.12
-121	270	14364	1.88
-120	244	14201	1.72
-119	258	14458	1.78
-118	239	14793	1.62
-117	246	14425	1.71
-116	299	14638	2.04
-115	241	14773	1.63
-114	204	14607	1.40
-113	276	14561	1.90
-112	236	14355	1.64
-111	209	14248	1.47
-110	255	14541	1.75
-109	205	14182	1.45
-108	236	14534	1.62
-107	235	14274	1.65
-106	231	14406	1.60
-105	264	14464	1.83
-104	246	14822	1.66
-103	246	14558	1.69
-102	265	14213	1.86
-101	227	14557	1.56
-100	262	14506	1.81
-99	246	14559	1.69
-98	241	14428	1.67
-97	294	14729	2.00
-96	244	14694	1.66
-95	238	14386	1.65
-94	276	14770	1.87
-93	274	14540	1.88
-92	245	14836	1.65
-91	212	14187	1.49
-90	268	14795	1.81
-89	237	14708	1.61
-88	263	15179	1.73
-87	298	15082	1.98
-86	219	15030	1.46
-85	253	15381	1.64
-84	258	15331	1.68
-83	283	14824	1.91
-82	282	15598	1.81
-81	240	15127	1.59
-80	251	15151	1.66
-79	239	15114	1.58
-78	241	14894	1.62
-77	212	14820	1.43
-76	267	15385	1.74
-75	273	15075	1.81
-74	224	14615	1.53
-73	275	14513	1.89
-72	252	14573	1.73
-71	280	15156	1.85
-70	283	15142	1.87
-69	236	14982	1.58
-68	264	15187	1.74
-67	282	14689	1.92
-66	284	15257	1.86
-65	245	15010	1.63
-64	223	14826	1.50
-63	244	15035	1.62
-62	267	14892	1.79
-61	237	15055	1.57
-60	261	15043	1.74
-59	263	15305	1.72
-58	231	15248	1.51
-57	322	15127	2.13
-56	227	15355	1.48
-55	235	15180	1.55
-54	253	15278	1.66
-53	332	15340	2.16
-52	245	15127	1.62
-51	198	14878	1.33
-50	282	14840	1.90
-49	231	15004	1.54
-48	216	15173	1.42
-47	218	15350	1.42
-46	276	15290	1.81
-45	235	15232	1.54
-44	252	14909	1.69
-43	278	15289	1.82
-42	242	15142	1.60
-41	253	15294	1.65
-40	215	15607	1.38
-39	218	14952	1.46
-38	285	15208	1.87
-37	235	15147	1.55
-36	289	15119	1.91
-35	243	15107	1.61
-34	214	15183	1.41
-33	258	14711	1.75
-32	270	15139	1.78
-31	277	15431	1.80
-30	304	15182	2.00
-29	301	15146	1.99
-28	254	14934	1.70
-27	227	15234	1.49
-26	272	15166	1.79
-25	274	15122	1.81
-24	265	15130	1.75
-23	236	15083	1.56
-22	275	15385	1.79
-21	228	14719	1.55
-20	176	14851	1.19
-19	276	14862	1.86
-18	251	14514	1.73
-17	214	14589	1.47
-16	260	14692	1.77
-15	252	14916	1.69
-14	253	14525	1.74
-13	245	14288	1.71
-12	264	14736	1.79
-11	201	14438	1.39
-10	261	14426	1.81
-9	253	14324	1.77
-8	289	14680	1.97
-7	272	14115	1.93
-6	274	14959	1.83
-5	243	14714	1.65
-4	253	14149	1.79
-3	170	13950	1.22
-2	239	14207	1.68
2	166	485	34.23
3	982	2116	46.41
4	2017	4939	40.84
5	2935	10085	29.10
6	2001	9762	20.50
7	1216	8584	14.17
8	677	7991	8.47
9	419	7791	5.38
10	257	7796	3.30
11	155	7746	2.00
12	166	8175	2.03
13	109	8397	1.30
14	137	8593	1.59
15	162	8694	1.86
16	130	8921	1.46
17	152	9059	1.68
18	132	8931	1.48
19	162	9079	1.78
20	161	8868	1.82
21	170	8994	1.89
22	164	8847	1.85
23	127	9003	1.41
24	154	9265	1.66
25	137	9197	1.49
26	194	9354	2.07
27	123	8873	1.39
28	204	9123	2.24
29	172	9138	1.88
30	165	9151	1.80
31	179	9338	1.92
32	135	9166	1.47
33	172	9130	1.88
34	174	9313	1.87
35	159	9100	1.75
36	184	9053	2.03
37	195	9247	2.11
38	176	9240	1.90
39	194	9325	2.08
40	206	9368	2.20
41	140	9267	1.51
42	164	9326	1.76
43	147	9378	1.57
44	153	9355	1.64
45	183	9413	1.94
46	138	9259	1.49
47	181	9104	1.99
48	154	9257	1.66
49	145	9335	1.55
50	169	9230	1.83
51	198	9089	2.18
52	153	9418	1.62
53	159	9154	1.74
54	150	9294	1.61
55	176	9462	1.86
56	172	9331	1.84
57	204	9154	2.23
58	149	9149	1.63
59	187	9384	1.99
60	204	9023	2.26
61	202	9592	2.11
62	163	9112	1.79
63	172	9126	1.88
64	145	9509	1.52
65	157	9584	1.64
66	162	9396	1.72
67	169	9606	1.76
68	186	9429	1.97
69	183	9335	1.96
70	139	9247	1.50
71	161	9524	1.69
72	164	9474	1.73
73	166	9454	1.76
74	181	9507	1.90
75	187	9419	1.99
76	147	9148	1.61
77	152	9500	1.60
78	127	9196	1.38
79	163	9538	1.71
80	143	9103	1.57
81	160	9402	1.70
82	190	9345	2.03
83	169	9671	1.75
84	142	9553	1.49
85	167	9794	1.71
86	139	8950	1.55
87	173	9420	1.84
88	177	9348	1.89
89	167	9373	1.78
90	135	9515	1.42
91	201	9417	2.13
92	123	9369	1.31
93	159	9513	1.67
94	204	9153	2.23
95	159	9321	1.71
96	149	9266	1.61
97	141	9314	1.51
98	151	9534	1.58
99	139	9261	1.50
100	168	9502	1.77
101	182	9230	1.97
102	172	9542	1.80
103	211	9714	2.17
104	182	9537	1.91
105	154	9843	1.56
106	173	9585	1.80
107	157	9431	1.66
108	194	9555	2.03
109	178	9515	1.87
110	164	9673	1.70
111	137	9238	1.48
112	150	9419	1.59
113	154	9603	1.60
114	187	9475	1.97
115	160	9691	1.65
116	154	9472	1.63
117	181	9196	1.97
118	162	9521	1.70
119	184	9348	1.97
120	164	9476	1.73
121	165	9408	1.75
122	124	9066	1.37
123	144	9469	1.52
124	164	9188	1.78
125	170	9272	1.83
126	161	9230	1.74
127	180	9491	1.90
128	211	9173	2.30
129	212	9347	2.27
130	128	8938	1.43
131	153	8773	1.74
132	159	8927	1.78
133	196	9032	2.17
134	158	9002	1.76
135	185	9563	1.93
136	179	9135	1.96
137	157	8863	1.77
138	132	9217	1.43
139	162	8911	1.82
140	169	9209	1.84
141	152	9122	1.67
142	151	8903	1.70
143	165	8235	2.00
144	128	8547	1.50
145	157	8819	1.78
146	121	8810	1.37
147	108	8366	1.29
148	131	8339	1.57
149	87	7364	1.18
150	54	4677	1.15
