-134	45	2378	1.89
-133	156	5555	2.81
-132	174	5716	3.04
-131	191	5625	3.40
-130	206	5691	3.62
-129	193	5676	3.40
-128	251	5730	4.38
-127	218	5776	3.77
-126	214	5851	3.66
-125	204	6018	3.39
-124	221	5781	3.82
-123	251	5778	4.34
-122	255	5881	4.34
-121	257	5888	4.36
-120	257	5728	4.49
-119	282	5805	4.86
-118	260	5860	4.44
-117	276	5931	4.65
-116	249	5880	4.23
-115	278	5943	4.68
-114	231	5815	3.97
-113	259	5768	4.49
-112	262	5854	4.48
-111	220	5740	3.83
-110	219	5658	3.87
-109	218	5876	3.71
-108	224	5679	3.94
-107	231	5878	3.93
-106	228	5737	3.97
-105	246	5677	4.33
-104	266	5839	4.56
-103	229	5895	3.88
-102	252	5916	4.26
-101	251	5974	4.20
-100	259	5902	4.39
-99	258	5724	4.51
-98	238	5862	4.06
-97	267	5790	4.61
-96	223	5756	3.87
-95	212	5692	3.72
-94	226	5994	3.77
-93	237	6007	3.95
-92	246	5714	4.31
-91	250	5949	4.20
-90	234	5956	3.93
-89	260	6100	4.26
-88	259	6215	4.17
-87	210	6074	3.46
-86	294	6232	4.72
-85	246	5831	4.22
-84	278	6195	4.49
-83	231	6084	3.80
-82	301	5992	5.02
-81	286	6092	4.69
-80	289	6232	4.64
-79	277	6103	4.54
-78	264	5905	4.47
-77	269	6073	4.43
-76	285	6040	4.72
-75	262	6238	4.20
-74	265	6061	4.37
-73	244	6011	4.06
-72	262	6034	4.34
-71	237	5840	4.06
-70	263	6211	4.23
-69	242	6071	3.99
-68	285	6176	4.61
-67	229	5984	3.83
-66	290	6252	4.64
-65	247	5993	4.12
-64	250	5864	4.26
-63	252	6219	4.05
-62	240	5942	4.04
-61	250	5972	4.19
-60	219	5908	3.71
-59	267	6139	4.35
-58	283	6186	4.57
-57	284	6144	4.62
-56	292	6161	4.74
-55	269	6159	4.37
-54	261	6446	4.05
-53	237	6097	3.89
-52	264	6178	4.27
-51	271	6025	4.50
-50	246	5975	4.12
-49	259	6148	4.21
-48	286	6266	4.56
-47	249	6177	4.03
-46	248	6473	3.83
-45	236	6056	3.90
-44	248	6140	4.04
-43	227	6220	3.65
-42	301	6072	4.96
-41	268	6114	4.38
-40	278	6279	4.43
-39	265	5954	4.45
-38	341	6412	5.32
-37	248	6054	4.10
-36	285	6162	4.63
-35	244	6138	3.98
-34	271	6190	4.38
-33	284	6262	4.54
-32	280	6088	4.60
-31	258	6029	4.28
-30	266	6096	4.36
-29	264	6293	4.20
-28	265	6038	4.39
-27	272	6126	4.44
-26	261	6102	4.28
-25	315	6112	5.15
-24	266	6051	4.40
-23	284	6260	4.54
-22	227	6210	3.66
-21	265	5841	4.54
-20	264	5987	4.41
-19	257	5891	4.36
-18	261	6004	4.35
-17	266	5883	4.52
-16	284	5975	4.75
-15	253	5958	4.25
-14	310	5905	5.25
-13	276	5924	4.66
-12	263	5886	4.47
-11	262	6093	4.30
-10	238	5805	4.10
-9	276	5749	4.80
-8	273	5845	4.67
-7	268	6159	4.35
-6	242	5972	4.05
-5	256	6068	4.22
-4	256	5618	4.56
-3	224	5476	4.09
-2	304	5451	5.58
2	68	205	33.17
3	400	934	42.83
4	891	2168	41.10
5	1287	4086	31.50
6	865	3859	22.42
7	580	3637	15.95
8	372	3304	11.26
9	217	3084	7.04
10	162	3043	5.32
11	160	3109	5.15
12	150	3100	4.84
13	151	3338	4.52
14	151	3555	4.25
15	160	3465	4.62
16	132	3655	3.61
17	147	3649	4.03
18	147	3618	4.06
19	137	3568	3.84
20	144	3514	4.10
21	162	3777	4.29
22	144	3656	3.94
23	140	3666	3.82
24	142	3643	3.90
25	133	3693	3.60
26	189	3739	5.05
27	163	3656	4.46
28	154	3580	4.30
29	163	3650	4.47
30	142	3662	3.88
31	142	3539	4.01
32	153	3665	4.17
33	103	3683	2.80
34	158	3762	4.20
35	133	3501	3.80
36	158	3766	4.20
37	153	3701	4.13
38	150	3683	4.07
39	175	3748	4.67
40	185	3836	4.82
41	151	3774	4.00
42	161	3722	4.33
43	160	3769	4.25
44	175	3604	4.86
45	167	3651	4.57
46	153	3637	4.21
47	181	3755	4.82
48	182	3635	5.01
49	174	3746	4.64
50	150	3629	4.13
51	170	3785	4.49
52	126	3711	3.40
53	158	3685	4.29
54	163	3885	4.20
55	155	3719	4.17
56	151	3902	3.87
57	168	3629	4.63
58	194	3867	5.02
59	148	3623	4.09
60	170	3785	4.49
61	136	3717	3.66
62	168	3719	4.52
63	191	3829	4.99
64	184	3888	4.73
65	162	3685	4.40
66	138	3879	3.56
67	175	3657	4.79
68	165	3891	4.24
69	189	3872	4.88
70	154	3803	4.05
71	141	3761	3.75
72	146	3678	3.97
73	182	3904	4.66
74	177	3856	4.59
75	153	3802	4.02
76	170	3739	4.55
77	140	3721	3.76
78	165	3649	4.52
79	143	3904	3.66
80	150	3636	4.13
81	178	3670	4.85
82	151	3594	4.20
83	170	3803	4.47
84	151	3809	3.96
85	170	3657	4.65
86	199	3859	5.16
87	151	3669	4.12
88	142	3810	3.73
89	164	3763	4.36
90	180	3687	4.88
91	126	3742	3.37
92	135	3726	3.62
93	143	3794	3.77
94	151	3836	3.94
95	118	3730	3.16
96	153	3943	3.88
97	165	3803	4.34
98	205	3851	5.32
99	142	3987	3.56
100	171	3762	4.55
101	165	3889	4.24
102	171	3814	4.48
103	157	3890	4.04
104	165	3871	4.26
105	119	3825	3.11
106	125	3992	3.13
107	129	3816	3.38
108	108	3912	2.76
109	120	3774	3.18
110	95	3863	2.46
111	118	3886	3.04
112	90	3645	2.47
113	77	3737	2.06
114	96	3860	2.49
115	113	3712	3.04
116	97	3816	2.54
117	92	3840	2.40
118	100	3761	2.66
119	82	3647	2.25
120	115	3700	3.11
121	66	3566	1.85
122	102	3903	2.61
123	89	3750	2.37
124	81	3721	2.18
125	88	3695	2.38
126	107	3528	3.03
127	80	3585	2.23
128	68	3511	1.94
129	57	3634	1.57
130	71	3499	2.03
131	86	3693	2.33
132	55	3531	1.56
133	66	3514	1.88
134	57	3588	1.59
135	59	3542	1.67
136	45	3403	1.32
137	53	3502	1.51
138	50	3367	1.49
139	51	3399	1.50
140	34	3355	1.01
141	42	3269	1.28
142	43	3072	1.40
143	60	3246	1.85
144	36	3157	1.14
145	44	3015	1.46
146	21	2794	0.75
147	25	2790	0.90
148	29	2453	1.18
149	13	2053	0.63
150	6	877	0.68
