-134	90	2035	4.42
-133	198	4389	4.51
-132	199	4503	4.42
-131	214	4522	4.73
-130	206	4457	4.62
-129	229	4585	4.99
-128	209	4514	4.63
-127	267	4446	6.01
-126	260	4644	5.60
-125	219	4616	4.74
-124	268	4627	5.79
-123	259	4621	5.60
-122	251	4547	5.52
-121	257	4725	5.44
-120	261	4520	5.77
-119	235	4476	5.25
-118	270	4645	5.81
-117	246	4520	5.44
-116	260	4698	5.53
-115	262	4707	5.57
-114	254	4504	5.64
-113	255	4513	5.65
-112	250	4472	5.59
-111	257	4491	5.72
-110	253	4647	5.44
-109	248	4538	5.46
-108	272	4633	5.87
-107	242	4444	5.45
-106	258	4627	5.58
-105	252	4598	5.48
-104	253	4514	5.60
-103	299	4651	6.43
-102	255	4622	5.52
-101	265	4683	5.66
-100	258	4538	5.69
-99	258	4517	5.71
-98	282	4677	6.03
-97	280	4621	6.06
-96	274	4654	5.89
-95	270	4748	5.69
-94	254	4672	5.44
-93	230	4593	5.01
-92	263	4677	5.62
-91	269	4532	5.94
-90	279	4678	5.96
-89	296	4686	6.32
-88	251	4763	5.27
-87	256	4765	5.37
-86	238	4587	5.19
-85	266	4711	5.65
-84	249	4816	5.17
-83	279	4496	6.21
-82	277	4836	5.73
-81	284	4675	6.07
-80	268	4679	5.73
-79	245	4780	5.13
-78	297	4729	6.28
-77	266	4705	5.65
-76	266	4729	5.62
-75	273	4767	5.73
-74	262	4818	5.44
-73	260	4854	5.36
-72	298	4670	6.38
-71	228	4758	4.79
-70	282	4744	5.94
-69	254	4626	5.49
-68	248	4633	5.35
-67	268	4616	5.81
-66	251	4915	5.11
-65	271	4671	5.80
-64	244	4674	5.22
-63	280	4668	6.00
-62	261	4607	5.67
-61	263	4526	5.81
-60	292	4772	6.12
-59	253	4671	5.42
-58	241	4728	5.10
-57	279	4662	5.98
-56	248	4786	5.18
-55	271	4854	5.58
-54	239	4713	5.07
-53	247	4684	5.27
-52	258	4672	5.52
-51	262	4635	5.65
-50	284	4764	5.96
-49	272	4780	5.69
-48	263	4856	5.42
-47	264	4753	5.55
-46	246	4905	5.02
-45	244	4617	5.28
-44	258	4816	5.36
-43	269	4650	5.78
-42	239	4747	5.03
-41	272	4683	5.81
-40	300	4844	6.19
-39	257	4572	5.62
-38	269	4852	5.54
-37	291	4834	6.02
-36	257	4581	5.61
-35	236	4647	5.08
-34	258	4712	5.48
-33	265	4743	5.59
-32	249	4635	5.37
-31	248	4659	5.32
-30	285	4641	6.14
-29	261	4628	5.64
-28	252	4598	5.48
-27	273	4795	5.69
-26	256	4674	5.48
-25	253	4633	5.46
-24	255	4664	5.47
-23	271	4748	5.71
-22	237	4616	5.13
-21	248	4785	5.18
-20	249	4579	5.44
-19	275	4468	6.15
-18	281	4570	6.15
-17	255	4632	5.51
-16	253	4566	5.54
-15	283	4649	6.09
-14	239	4765	5.02
-13	258	4640	5.56
-12	256	4505	5.68
-11	236	4523	5.22
-10	233	4505	5.17
-9	232	4543	5.11
-8	299	4664	6.41
-7	239	4566	5.23
-6	235	4725	4.97
-5	294	4610	6.38
-4	253	4478	5.65
-3	243	4396	5.53
-2	221	4408	5.01
2	26	87	29.89
3	121	410	29.51
4	311	1145	27.16
5	438	2535	17.28
6	304	2677	11.36
7	178	2590	6.87
8	150	2534	5.92
9	115	2400	4.79
10	118	2455	4.81
11	110	2506	4.39
12	114	2501	4.56
13	140	2719	5.15
14	146	2723	5.36
15	132	2874	4.59
16	164	2804	5.85
17	157	3033	5.18
18	134	3000	4.47
19	148	2930	5.05
20	122	2912	4.19
21	153	3039	5.03
22	181	3095	5.85
23	118	2820	4.18
24	163	3113	5.24
25	143	2984	4.79
26	148	3005	4.93
27	138	3077	4.48
28	137	3000	4.57
29	137	3022	4.53
30	136	2976	4.57
31	135	2956	4.57
32	158	3049	5.18
33	136	3037	4.48
34	139	3027	4.59
35	153	2945	5.20
36	128	3046	4.20
37	149	3143	4.74
38	169	3060	5.52
39	127	3047	4.17
40	166	3159	5.25
41	168	3109	5.40
42	159	2969	5.36
43	134	3121	4.29
44	163	3033	5.37
45	161	2991	5.38
46	181	3023	5.99
47	161	3071	5.24
48	157	3121	5.03
49	129	2971	4.34
50	150	3024	4.96
51	182	3249	5.60
52	120	3043	3.94
53	173	3145	5.50
54	170	3211	5.29
55	157	3142	5.00
56	138	3058	4.51
57	140	3072	4.56
58	155	3156	4.91
59	177	3097	5.72
60	172	3106	5.54
61	172	3176	5.42
62	162	3081	5.26
63	144	3228	4.46
64	163	3068	5.31
65	156	3109	5.02
66	134	3174	4.22
67	157	3221	4.87
68	149	3151	4.73
69	162	3161	5.12
70	147	3126	4.70
71	167	2991	5.58
72	144	3151	4.57
73	150	3170	4.73
74	178	3118	5.71
75	162	3198	5.07
76	153	3105	4.93
77	156	2995	5.21
78	150	3006	4.99
79	141	3163	4.46
80	163	3070	5.31
81	145	3022	4.80
82	160	3126	5.12
83	130	2972	4.37
84	161	3055	5.27
85	154	3084	4.99
86	157	3021	5.20
87	170	2958	5.75
88	145	2983	4.86
89	156	3083	5.06
90	129	3088	4.18
91	131	3024	4.33
92	141	3085	4.57
93	155	3052	5.08
94	123	3032	4.06
95	157	3100	5.06
96	141	3085	4.57
97	147	3022	4.86
98	151	3070	4.92
99	168	3014	5.57
100	165	3165	5.21
101	168	3046	5.52
102	142	3072	4.62
103	187	3127	5.98
104	169	2985	5.66
105	168	3080	5.45
106	149	3094	4.82
107	148	3059	4.84
108	143	2982	4.80
109	167	2912	5.73
110	160	3009	5.32
111	184	2939	6.26
112	154	3050	5.05
113	162	3050	5.31
114	163	2961	5.50
115	152	3064	4.96
116	132	2903	4.55
117	177	2935	6.03
118	166	2936	5.65
119	152	2899	5.24
120	146	2992	4.88
121	160	3070	5.21
122	168	2875	5.84
123	174	2960	5.88
124	156	2881	5.41
125	167	2830	5.90
126	164	2863	5.73
127	132	2822	4.68
128	145	2897	5.01
129	142	2818	5.04
130	171	2867	5.96
131	159	2826	5.63
132	162	2792	5.80
133	178	2908	6.12
134	172	2889	5.95
135	143	2818	5.07
136	167	2925	5.71
137	151	2887	5.23
138	153	2777	5.51
139	139	2820	4.93
140	181	2844	6.36
141	137	2835	4.83
142	146	2700	5.41
143	159	2809	5.66
144	157	2777	5.65
145	144	2785	5.17
146	152	2641	5.76
147	153	2665	5.74
148	140	2544	5.50
149	121	2262	5.35
150	42	1498	2.80
