-134	1216	17270	7.04
-133	2600	36992	7.03
-132	2929	39188	7.47
-131	3318	39597	8.38
-130	3377	39932	8.46
-129	3315	39237	8.45
-128	3886	39596	9.81
-127	3670	39417	9.31
-126	3649	39909	9.14
-125	3624	39712	9.13
-124	3736	40078	9.32
-123	3888	39406	9.87
-122	3852	39188	9.83
-121	4103	39317	10.44
-120	3941	39703	9.93
-119	4108	39591	10.38
-118	4091	39744	10.29
-117	3976	39619	10.04
-116	3880	40367	9.61
-115	3942	40267	9.79
-114	4094	40183	10.19
-113	4144	39460	10.50
-112	3907	40086	9.75
-111	3980	39392	10.10
-110	3834	39249	9.77
-109	3789	39541	9.58
-108	3839	39196	9.79
-107	3867	39664	9.75
-106	3771	39462	9.56
-105	4079	39796	10.25
-104	4138	40478	10.22
-103	3891	40194	9.68
-102	4251	39834	10.67
-101	4227	40016	10.56
-100	4226	40557	10.42
-99	4176	40815	10.23
-98	4160	40880	10.18
-97	4068	40178	10.12
-96	4041	40863	9.89
-95	4160	39600	10.51
-94	4103	40114	10.23
-93	4330	41303	10.48
-92	4094	40812	10.03
-91	4317	41003	10.53
-90	4162	40615	10.25
-89	4233	40509	10.45
-88	4304	40997	10.50
-87	4285	41198	10.40
-86	4220	41130	10.26
-85	4241	40753	10.41
-84	4499	41416	10.86
-83	4374	41143	10.63
-82	4507	41024	10.99
-81	4236	41489	10.21
-80	4559	41078	11.10
-79	4296	41689	10.30
-78	4258	40804	10.44
-77	4234	41370	10.23
-76	4133	41029	10.07
-75	4380	41947	10.44
-74	4337	41070	10.56
-73	4321	41369	10.45
-72	4472	41473	10.78
-71	4455	41309	10.78
-70	4481	41204	10.88
-69	4526	41102	11.01
-68	4342	42318	10.26
-67	4312	40853	10.55
-66	4052	41282	9.82
-65	4217	40856	10.32
-64	4386	41025	10.69
-63	4435	40594	10.93
-62	4334	40966	10.58
-61	4293	41123	10.44
-60	4061	40510	10.02
-59	4132	41132	10.05
-58	4026	40304	9.99
-57	4258	40969	10.39
-56	4083	41921	9.74
-55	4523	42702	10.59
-54	4283	41486	10.32
-53	4028	40515	9.94
-52	4367	41479	10.53
-51	4098	40602	10.09
-50	4165	41336	10.08
-49	4204	40947	10.27
-48	4068	41423	9.82
-47	4231	41904	10.10
-46	3967	41753	9.50
-45	4192	40858	10.26
-44	4208	41717	10.09
-43	4303	41570	10.35
-42	4156	40987	10.14
-41	4181	41519	10.07
-40	4263	41919	10.17
-39	4279	40349	10.60
-38	4219	41831	10.09
-37	4136	41152	10.05
-36	4162	41549	10.02
-35	4196	41135	10.20
-34	4032	40980	9.84
-33	4415	41481	10.64
-32	4048	41197	9.83
-31	4267	41258	10.34
-30	4120	41144	10.01
-29	4064	41567	9.78
-28	4092	41075	9.96
-27	4051	41671	9.72
-26	4280	40922	10.46
-25	4269	40359	10.58
-24	4336	41911	10.35
-23	4358	41081	10.61
-22	4237	41300	10.26
-21	4434	41060	10.80
-20	4227	40129	10.53
-19	4623	40958	11.29
-18	4267	41118	10.38
-17	4267	40759	10.47
-16	4475	40757	10.98
-15	4374	40094	10.91
-14	4101	40489	10.13
-13	4252	40952	10.38
-12	4311	41052	10.50
-11	4209	41346	10.18
-10	4305	39979	10.77
-9	4336	40801	10.63
-8	4310	40489	10.64
-7	4494	40317	11.15
-6	4366	41891	10.42
-5	3860	40197	9.60
-4	3899	38541	10.12
-3	3373	38722	8.71
-2	4458	38151	11.69
2	248	777	31.92
3	1496	4253	35.18
4	3692	12100	30.51
5	6114	28471	21.47
6	4136	30461	13.58
7	3000	26736	11.22
8	2711	25568	10.60
9	2450	24661	9.93
10	2123	24526	8.66
11	2116	24091	8.78
12	2160	24489	8.82
13	2344	25093	9.34
14	2405	25312	9.50
15	2458	25859	9.51
16	2562	27208	9.42
17	2622	26805	9.78
18	2525	26720	9.45
19	2523	27059	9.32
20	2603	27491	9.47
21	2592	27041	9.59
22	2507	27403	9.15
23	2576	27437	9.39
24	2649	27474	9.64
25	2783	27225	10.22
26	2649	27490	9.64
27	2762	27668	9.98
28	2825	27741	10.18
29	2685	27425	9.79
30	2527	27371	9.23
31	2683	27025	9.93
32	2779	27755	10.01
33	2603	27311	9.53
34	2903	27624	10.51
35	2830	27828	10.17
36	2753	27775	9.91
37	2852	28200	10.11
38	2908	28335	10.26
39	2838	28187	10.07
40	2892	27517	10.51
41	2833	27938	10.14
42	2946	27994	10.52
43	2812	27856	10.09
44	2987	27675	10.79
45	2746	28020	9.80
46	2803	27822	10.07
47	2702	28287	9.55
48	2936	28302	10.37
49	2709	27953	9.69
50	2901	27565	10.52
51	2828	27747	10.19
52	3022	28252	10.70
53	2772	28100	9.86
54	2836	27869	10.18
55	2669	28334	9.42
56	2919	27988	10.43
57	2746	27863	9.86
58	2852	28044	10.17
59	2863	27511	10.41
60	2971	28345	10.48
61	2863	27922	10.25
62	2898	28132	10.30
63	2768	27958	9.90
64	2779	28040	9.91
65	2864	28169	10.17
66	2985	28415	10.51
67	2926	28229	10.37
68	2768	28130	9.84
69	2893	28897	10.01
70	2795	28307	9.87
71	3013	28190	10.69
72	2759	28115	9.81
73	2753	27994	9.83
74	2614	28755	9.09
75	2746	28283	9.71
76	2902	28613	10.14
77	2844	28213	10.08
78	2861	28292	10.11
79	3088	28063	11.00
80	2741	27908	9.82
81	2842	27856	10.20
82	2870	28524	10.06
83	2812	27452	10.24
84	2790	28492	9.79
85	2742	28525	9.61
86	2670	28500	9.37
87	2716	27971	9.71
88	2727	28009	9.74
89	2908	28142	10.33
90	2900	28566	10.15
91	2664	27791	9.59
92	2867	28097	10.20
93	2834	28004	10.12
94	2733	28215	9.69
95	2607	27800	9.38
96	2769	27864	9.94
97	3027	28387	10.66
98	2811	28340	9.92
99	2842	28562	9.95
100	2736	28904	9.47
101	2981	28902	10.31
102	2680	28434	9.43
103	2927	28553	10.25
104	2792	29139	9.58
105	2746	28010	9.80
106	2733	27953	9.78
107	2728	28512	9.57
108	2842	28318	10.04
109	3091	28720	10.76
110	2795	28144	9.93
111	2803	28497	9.84
112	2770	27750	9.98
113	2856	27626	10.34
114	2814	28187	9.98
115	2927	28962	10.11
116	2876	28950	9.93
117	2882	28104	10.25
118	2920	27838	10.49
119	2846	28344	10.04
120	2847	28027	10.16
121	3181	28233	11.27
122	2887	28827	10.01
123	2759	28070	9.83
124	2928	28264	10.36
125	2740	27818	9.85
126	2757	27498	10.03
127	2863	28008	10.22
128	2792	27801	10.04
129	3119	28439	10.97
130	3005	27791	10.81
131	2817	27969	10.07
132	2735	27861	9.82
133	2961	28050	10.56
134	2778	28175	9.86
135	2931	28279	10.36
136	2823	27795	10.16
137	2797	27467	10.18
138	2989	27040	11.05
139	2758	26815	10.29
140	2834	27408	10.34
141	2782	27532	10.10
142	2753	26943	10.22
143	2882	27589	10.45
144	2717	26858	10.12
145	2922	27022	10.81
146	2578	26387	9.77
147	2550	26259	9.71
148	2665	24887	10.71
149	2268	22600	10.04
150	737	15307	4.81
