-134	45	3533	1.27
-133	65	7910	0.82
-132	98	8259	1.19
-131	112	8390	1.33
-130	113	8299	1.36
-129	135	8250	1.64
-128	128	8293	1.54
-127	152	8238	1.85
-126	137	8380	1.63
-125	136	8499	1.60
-124	148	8407	1.76
-123	137	8348	1.64
-122	139	8273	1.68
-121	134	8325	1.61
-120	139	8320	1.67
-119	145	8294	1.75
-118	141	8409	1.68
-117	130	8268	1.57
-116	121	8278	1.46
-115	140	8228	1.70
-114	143	8158	1.75
-113	114	8374	1.36
-112	155	7923	1.96
-111	102	8208	1.24
-110	123	8177	1.50
-109	131	8102	1.62
-108	152	8216	1.85
-107	119	8191	1.45
-106	131	8221	1.59
-105	129	8412	1.53
-104	132	8286	1.59
-103	138	8279	1.67
-102	169	8221	2.06
-101	167	8178	2.04
-100	148	8341	1.77
-99	120	8201	1.46
-98	162	8253	1.96
-97	122	8296	1.47
-96	137	8307	1.65
-95	115	8153	1.41
-94	120	8409	1.43
-93	127	8342	1.52
-92	155	8420	1.84
-91	138	8398	1.64
-90	153	8279	1.85
-89	132	8352	1.58
-88	163	8479	1.92
-87	136	8336	1.63
-86	135	8593	1.57
-85	141	8344	1.69
-84	133	8597	1.55
-83	147	8440	1.74
-82	146	8597	1.70
-81	131	8595	1.52
-80	147	8568	1.72
-79	151	8699	1.74
-78	154	8434	1.83
-77	138	8616	1.60
-76	138	8726	1.58
-75	126	8590	1.47
-74	151	8568	1.76
-73	172	8627	1.99
-72	139	8583	1.62
-71	128	8356	1.53
-70	123	8276	1.49
-69	133	8460	1.57
-68	133	8447	1.57
-67	146	8210	1.78
-66	142	8446	1.68
-65	137	8331	1.64
-64	139	8370	1.66
-63	142	8364	1.70
-62	153	8205	1.86
-61	129	8508	1.52
-60	151	8333	1.81
-59	143	8532	1.68
-58	113	8502	1.33
-57	140	8538	1.64
-56	132	8579	1.54
-55	121	8575	1.41
-54	142	8565	1.66
-53	133	8489	1.57
-52	152	8594	1.77
-51	153	8505	1.80
-50	151	8558	1.76
-49	138	8391	1.64
-48	160	8646	1.85
-47	127	8514	1.49
-46	152	8702	1.75
-45	130	8566	1.52
-44	167	8752	1.91
-43	144	8433	1.71
-42	121	8570	1.41
-41	121	8604	1.41
-40	137	8636	1.59
-39	120	8478	1.42
-38	127	8710	1.46
-37	128	8713	1.47
-36	137	8508	1.61
-35	118	8470	1.39
-34	130	8499	1.53
-33	126	8576	1.47
-32	132	8562	1.54
-31	139	8530	1.63
-30	133	8390	1.59
-29	119	8543	1.39
-28	114	8562	1.33
-27	147	8523	1.72
-26	153	8521	1.80
-25	135	8467	1.59
-24	147	8591	1.71
-23	155	8379	1.85
-22	140	8547	1.64
-21	120	8313	1.44
-20	149	8245	1.81
-19	142	8483	1.67
-18	132	8399	1.57
-17	134	8347	1.61
-16	168	8409	2.00
-15	142	8394	1.69
-14	157	8436	1.86
-13	138	8292	1.66
-12	137	8480	1.62
-11	152	8454	1.80
-10	152	8279	1.84
-9	133	8264	1.61
-8	149	8771	1.70
-7	144	8264	1.74
-6	127	8480	1.50
-5	130	8630	1.51
-4	129	8017	1.61
-3	111	8045	1.38
-2	160	8507	1.88
2	45	177	25.42
3	273	810	33.70
4	618	2269	27.24
5	884	4968	17.79
6	667	5347	12.47
7	335	4727	7.09
8	224	4626	4.84
9	120	4667	2.57
10	71	4585	1.55
11	88	4705	1.87
12	92	4916	1.87
13	81	4915	1.65
14	76	4985	1.52
15	76	5106	1.49
16	97	5293	1.83
17	88	5333	1.65
18	98	5326	1.84
19	107	5492	1.95
20	80	5362	1.49
21	81	5420	1.49
22	79	5507	1.43
23	76	5481	1.39
24	92	5324	1.73
25	97	5444	1.78
26	110	5362	2.05
27	104	5454	1.91
28	112	5384	2.08
29	92	5744	1.60
30	85	5481	1.55
31	80	5555	1.44
32	119	5544	2.15
33	103	5496	1.87
34	96	5525	1.74
35	108	5731	1.88
36	94	5648	1.66
37	85	5544	1.53
38	80	5506	1.45
39	99	5626	1.76
40	85	5594	1.52
41	95	5582	1.70
42	115	5725	2.01
43	80	5694	1.40
44	96	5458	1.76
45	87	5736	1.52
46	125	5565	2.25
47	92	5791	1.59
48	96	5670	1.69
49	106	5614	1.89
50	112	5599	2.00
51	97	5632	1.72
52	94	5587	1.68
53	103	5826	1.77
54	101	5622	1.80
55	112	5625	1.99
56	107	5696	1.88
57	122	5652	2.16
58	99	5546	1.79
59	83	5688	1.46
60	96	5561	1.73
61	88	5561	1.58
62	81	5567	1.46
63	112	5639	1.99
64	111	5700	1.95
65	93	5717	1.63
66	110	5804	1.90
67	106	5615	1.89
68	125	5634	2.22
69	117	5649	2.07
70	106	5733	1.85
71	101	5614	1.80
72	103	5795	1.78
73	77	5697	1.35
74	116	5842	1.99
75	98	5523	1.77
76	94	5703	1.65
77	79	5561	1.42
78	99	5580	1.77
79	88	5680	1.55
80	89	5476	1.63
81	75	5671	1.32
82	111	5611	1.98
83	94	5586	1.68
84	88	5511	1.60
85	98	5646	1.74
86	97	5493	1.77
87	108	5542	1.95
88	84	5431	1.55
89	90	5583	1.61
90	113	5539	2.04
91	101	5563	1.82
92	113	5648	2.00
93	107	5462	1.96
94	95	5753	1.65
95	98	5241	1.87
96	93	5448	1.71
97	114	5535	2.06
98	103	5521	1.87
99	120	5584	2.15
100	98	5508	1.78
101	111	5549	2.00
102	115	5451	2.11
103	105	5467	1.92
104	106	5451	1.94
105	99	5485	1.80
106	132	5633	2.34
107	119	5464	2.18
108	117	5450	2.15
109	99	5429	1.82
110	118	5680	2.08
111	113	5489	2.06
112	93	5519	1.69
113	113	5395	2.09
114	103	5314	1.94
115	107	5420	1.97
116	112	5552	2.02
117	102	5401	1.89
118	94	5317	1.77
119	126	5586	2.26
120	101	5240	1.93
121	95	5237	1.81
122	130	5356	2.43
123	99	5393	1.84
124	96	5276	1.82
125	101	5372	1.88
126	125	5138	2.43
127	104	5196	2.00
128	126	5368	2.35
129	104	5385	1.93
130	103	5235	1.97
131	116	5179	2.24
132	103	5223	1.97
133	115	5225	2.20
134	121	5166	2.34
135	120	5219	2.30
136	113	5249	2.15
137	143	5112	2.80
138	114	5119	2.23
139	93	5176	1.80
140	111	5178	2.14
141	101	5159	1.96
142	113	4999	2.26
143	119	5123	2.32
144	104	4862	2.14
145	103	4898	2.10
146	95	4894	1.94
147	110	4726	2.33
148	114	4475	2.55
149	86	3933	2.19
150	41	2623	1.56
