-134	129	6225	2.07
-133	305	13625	2.24
-132	383	14653	2.61
-131	441	14949	2.95
-130	428	14324	2.99
-129	451	14604	3.09
-128	475	15060	3.15
-127	464	14617	3.17
-126	454	14397	3.15
-125	446	14986	2.98
-124	496	14734	3.37
-123	499	14694	3.40
-122	591	14811	3.99
-121	583	14835	3.93
-120	552	14678	3.76
-119	549	14834	3.70
-118	528	14836	3.56
-117	464	14732	3.15
-116	550	14722	3.74
-115	578	14709	3.93
-114	489	14591	3.35
-113	558	14169	3.94
-112	531	14274	3.72
-111	557	14194	3.92
-110	498	14176	3.51
-109	521	14358	3.63
-108	529	14400	3.67
-107	577	14373	4.01
-106	561	14816	3.79
-105	516	14798	3.49
-104	584	14643	3.99
-103	559	14510	3.85
-102	572	14636	3.91
-101	567	14507	3.91
-100	595	14882	4.00
-99	575	14674	3.92
-98	501	14251	3.52
-97	581	14356	4.05
-96	582	14471	4.02
-95	557	14280	3.90
-94	516	14392	3.59
-93	515	14774	3.49
-92	587	14971	3.92
-91	603	14716	4.10
-90	526	15040	3.50
-89	578	14783	3.91
-88	606	14814	4.09
-87	571	15000	3.81
-86	588	15138	3.88
-85	556	15203	3.66
-84	571	15477	3.69
-83	614	15006	4.09
-82	556	15332	3.63
-81	594	15192	3.91
-80	586	15058	3.89
-79	605	15195	3.98
-78	607	15176	4.00
-77	635	15628	4.06
-76	618	15260	4.05
-75	609	15262	3.99
-74	532	15607	3.41
-73	575	15195	3.78
-72	635	15459	4.11
-71	626	14949	4.19
-70	575	15340	3.75
-69	636	15125	4.20
-68	643	14896	4.32
-67	562	14746	3.81
-66	568	15079	3.77
-65	540	15016	3.60
-64	596	15068	3.96
-63	526	14916	3.53
-62	520	14744	3.53
-61	565	14943	3.78
-60	550	14936	3.68
-59	579	15352	3.77
-58	617	14881	4.15
-57	557	15167	3.67
-56	630	15553	4.05
-55	557	15103	3.69
-54	573	15200	3.77
-53	609	15088	4.04
-52	549	15021	3.65
-51	541	14961	3.62
-50	547	15263	3.58
-49	591	15297	3.86
-48	572	15600	3.67
-47	586	15332	3.82
-46	636	15474	4.11
-45	576	14892	3.87
-44	627	15405	4.07
-43	572	15255	3.75
-42	510	15142	3.37
-41	622	15385	4.04
-40	588	15413	3.81
-39	526	14958	3.52
-38	626	15307	4.09
-37	566	15556	3.64
-36	615	15200	4.05
-35	570	14878	3.83
-34	576	14976	3.85
-33	483	15070	3.21
-32	580	15349	3.78
-31	539	15406	3.50
-30	610	14633	4.17
-29	532	15334	3.47
-28	540	14789	3.65
-27	532	15269	3.48
-26	555	15211	3.65
-25	678	15042	4.51
-24	605	15238	3.97
-23	617	15264	4.04
-22	560	15204	3.68
-21	532	14702	3.62
-20	571	14523	3.93
-19	601	14608	4.11
-18	594	14682	4.05
-17	547	14592	3.75
-16	601	14434	4.16
-15	534	14488	3.69
-14	608	15059	4.04
-13	562	14866	3.78
-12	537	14930	3.60
-11	580	14435	4.02
-10	554	14419	3.84
-9	609	14834	4.11
-8	552	14705	3.75
-7	541	14643	3.69
-6	600	15136	3.96
-5	502	14572	3.44
-4	533	14133	3.77
-3	460	13586	3.39
-2	624	13884	4.49
2	279	615	45.37
3	1353	2514	53.82
4	2452	5567	44.05
5	3310	9882	33.50
6	2294	9844	23.30
7	1372	8230	16.67
8	939	7774	12.08
9	537	7429	7.23
10	398	7612	5.23
11	339	7580	4.47
12	356	8104	4.39
13	357	8126	4.39
14	335	8547	3.92
15	329	9160	3.59
16	336	8840	3.80
17	343	9115	3.76
18	341	8947	3.81
19	287	8857	3.24
20	325	8988	3.62
21	400	9045	4.42
22	326	9174	3.55
23	282	9048	3.12
24	346	8985	3.85
25	382	9317	4.10
26	340	9018	3.77
27	328	9107	3.60
28	299	8992	3.33
29	349	9299	3.75
30	373	9204	4.05
31	364	9267	3.93
32	344	9174	3.75
33	310	9402	3.30
34	345	9301	3.71
35	415	9257	4.48
36	310	9134	3.39
37	388	9591	4.05
38	364	9191	3.96
39	315	9205	3.42
40	303	9346	3.24
41	360	9287	3.88
42	317	9293	3.41
43	362	9190	3.94
44	371	9200	4.03
45	332	9328	3.56
46	350	9581	3.65
47	365	9041	4.04
48	339	9258	3.66
49	364	9259	3.93
50	383	9308	4.11
51	352	9073	3.88
52	360	9576	3.76
53	282	9451	2.98
54	337	9622	3.50
55	309	9201	3.36
56	338	9118	3.71
57	403	9325	4.32
58	331	9470	3.50
59	386	9256	4.17
60	345	9379	3.68
61	356	9442	3.77
62	377	9577	3.94
63	369	9358	3.94
64	440	9676	4.55
65	381	9329	4.08
66	361	9888	3.65
67	337	9307	3.62
68	412	9610	4.29
69	395	9101	4.34
70	385	9440	4.08
71	373	9460	3.94
72	353	9591	3.68
73	369	9312	3.96
74	402	9820	4.09
75	353	9797	3.60
76	393	9717	4.04
77	394	9411	4.19
78	321	9198	3.49
79	382	9370	4.08
80	392	9246	4.24
81	427	9129	4.68
82	415	9608	4.32
83	367	9358	3.92
84	397	9587	4.14
85	361	9343	3.86
86	355	9336	3.80
87	324	9536	3.40
88	355	9331	3.80
89	357	9677	3.69
90	375	9049	4.14
91	380	9484	4.01
92	336	9436	3.56
93	351	9389	3.74
94	329	9352	3.52
95	353	9452	3.73
96	349	9450	3.69
97	351	9110	3.85
98	373	9648	3.87
99	357	9557	3.74
100	336	9509	3.53
101	333	9372	3.55
102	373	9447	3.95
103	362	9475	3.82
104	398	9542	4.17
105	379	9153	4.14
106	360	9452	3.81
107	367	9569	3.84
108	305	9153	3.33
109	403	9196	4.38
110	318	9207	3.45
111	381	9561	3.98
112	396	9268	4.27
113	361	9514	3.79
114	399	9418	4.24
115	358	9611	3.72
116	419	9637	4.35
117	346	9254	3.74
118	373	9289	4.02
119	374	9278	4.03
120	346	9147	3.78
121	398	9715	4.10
122	336	9115	3.69
123	396	9259	4.28
124	358	9504	3.77
125	406	9485	4.28
126	345	9101	3.79
127	328	9167	3.58
128	349	9121	3.83
129	375	9242	4.06
130	357	9113	3.92
131	350	9266	3.78
132	402	9298	4.32
133	407	9121	4.46
134	372	8902	4.18
135	320	9010	3.55
136	343	9180	3.74
137	363	9279	3.91
138	369	9194	4.01
139	335	9206	3.64
140	365	8906	4.10
141	441	9044	4.88
142	382	8727	4.38
143	360	9165	3.93
144	369	9080	4.06
145	283	8736	3.24
146	309	8491	3.64
147	338	8385	4.03
148	295	8003	3.69
149	293	7141	4.10
150	73	4649	1.57
