-134	166	5207	3.19
-133	414	11397	3.63
-132	436	11941	3.65
-131	465	11846	3.93
-130	494	11997	4.12
-129	478	11987	3.99
-128	523	11928	4.38
-127	503	12077	4.16
-126	529	11988	4.41
-125	541	12001	4.51
-124	576	11991	4.80
-123	536	12069	4.44
-122	604	11992	5.04
-121	539	11799	4.57
-120	585	11860	4.93
-119	579	12051	4.80
-118	576	12184	4.73
-117	632	12084	5.23
-116	545	11992	4.54
-115	612	11872	5.15
-114	544	11758	4.63
-113	581	11687	4.97
-112	565	11833	4.77
-111	606	11681	5.19
-110	557	11615	4.80
-109	545	11746	4.64
-108	589	11836	4.98
-107	540	11907	4.54
-106	625	11881	5.26
-105	592	12052	4.91
-104	595	11896	5.00
-103	588	11944	4.92
-102	588	11990	4.90
-101	605	11670	5.18
-100	612	12043	5.08
-99	617	11825	5.22
-98	590	11818	4.99
-97	577	11827	4.88
-96	574	11790	4.87
-95	599	12049	4.97
-94	612	11920	5.13
-93	620	12161	5.10
-92	595	12005	4.96
-91	660	12233	5.40
-90	634	12066	5.25
-89	626	12196	5.13
-88	599	12366	4.84
-87	607	12484	4.86
-86	640	12314	5.20
-85	586	12199	4.80
-84	637	12445	5.12
-83	615	11986	5.13
-82	657	12336	5.33
-81	649	12518	5.18
-80	607	12153	4.99
-79	627	12651	4.96
-78	612	12348	4.96
-77	550	12321	4.46
-76	643	12294	5.23
-75	605	12379	4.89
-74	628	12447	5.05
-73	589	12438	4.74
-72	672	12518	5.37
-71	652	12420	5.25
-70	616	12198	5.05
-69	632	12247	5.16
-68	590	12511	4.72
-67	638	12185	5.24
-66	588	12230	4.81
-65	615	12079	5.09
-64	562	11990	4.69
-63	578	12155	4.76
-62	549	12034	4.56
-61	585	12122	4.83
-60	594	12369	4.80
-59	595	12145	4.90
-58	655	12292	5.33
-57	623	12213	5.10
-56	592	12569	4.71
-55	647	12139	5.33
-54	613	12387	4.95
-53	626	12090	5.18
-52	609	12146	5.01
-51	577	12162	4.74
-50	521	12380	4.21
-49	568	12350	4.60
-48	576	12748	4.52
-47	588	12417	4.74
-46	591	12456	4.74
-45	634	12535	5.06
-44	588	12482	4.71
-43	605	12540	4.82
-42	568	12449	4.56
-41	571	12346	4.62
-40	564	12460	4.53
-39	601	12341	4.87
-38	634	12668	5.00
-37	605	12668	4.78
-36	633	12227	5.18
-35	593	12111	4.90
-34	508	12170	4.17
-33	617	12471	4.95
-32	632	12409	5.09
-31	627	12221	5.13
-30	636	12323	5.16
-29	653	12582	5.19
-28	618	12081	5.12
-27	583	12251	4.76
-26	624	11808	5.28
-25	580	12153	4.77
-24	595	12418	4.79
-23	599	12138	4.93
-22	613	12251	5.00
-21	659	12116	5.44
-20	614	11899	5.16
-19	614	12281	5.00
-18	566	12059	4.69
-17	575	12104	4.75
-16	609	11900	5.12
-15	619	11900	5.20
-14	586	12161	4.82
-13	553	11889	4.65
-12	607	12082	5.02
-11	565	11924	4.74
-10	591	11886	4.97
-9	621	11860	5.24
-8	568	12067	4.71
-7	627	11959	5.24
-6	589	12155	4.85
-5	569	12012	4.74
-4	540	11584	4.66
-3	490	11307	4.33
-2	644	11665	5.52
2	47	186	25.27
3	390	1154	33.80
4	976	3237	30.15
5	1507	7526	20.02
6	1092	8142	13.41
7	626	7196	8.70
8	444	6722	6.61
9	293	6584	4.45
10	282	6677	4.22
11	275	6741	4.08
12	285	7137	3.99
13	295	7132	4.14
14	330	7221	4.57
15	328	7517	4.36
16	354	7528	4.70
17	328	7627	4.30
18	365	7799	4.68
19	334	7775	4.30
20	355	7629	4.65
21	329	7734	4.25
22	388	7805	4.97
23	332	7644	4.34
24	328	7744	4.24
25	339	7783	4.36
26	364	7871	4.62
27	378	7805	4.84
28	370	7801	4.74
29	382	7847	4.87
30	346	8011	4.32
31	354	8007	4.42
32	358	7943	4.51
33	350	7973	4.39
34	327	7992	4.09
35	348	7973	4.36
36	358	7986	4.48
37	376	7929	4.74
38	377	7962	4.73
39	399	8130	4.91
40	339	7983	4.25
41	423	7832	5.40
42	404	7907	5.11
43	349	8063	4.33
44	336	7972	4.21
45	387	7936	4.88
46	383	7897	4.85
47	394	7918	4.98
48	385	7921	4.86
49	448	7937	5.64
50	371	7798	4.76
51	381	7965	4.78
52	373	8138	4.58
53	371	8206	4.52
54	400	7946	5.03
55	396	8050	4.92
56	388	8088	4.80
57	431	8118	5.31
58	420	7927	5.30
59	371	8181	4.53
60	405	7926	5.11
61	384	8268	4.64
62	376	7898	4.76
63	367	8073	4.55
64	398	8254	4.82
65	410	8218	4.99
66	377	8048	4.68
67	431	8222	5.24
68	385	8119	4.74
69	360	8219	4.38
70	357	8146	4.38
71	403	8239	4.89
72	384	8160	4.71
73	401	8088	4.96
74	344	7885	4.36
75	367	7934	4.63
76	404	8166	4.95
77	406	7892	5.14
78	338	7987	4.23
79	381	8079	4.72
80	368	7769	4.74
81	366	7986	4.58
82	378	7923	4.77
83	403	7811	5.16
84	320	8065	3.97
85	353	8103	4.36
86	354	8039	4.40
87	362	7831	4.62
88	392	7897	4.96
89	372	8009	4.64
90	378	7824	4.83
91	410	8012	5.12
92	385	7855	4.90
93	405	8044	5.03
94	332	7820	4.25
95	379	7920	4.79
96	347	7829	4.43
97	373	7940	4.70
98	414	8120	5.10
99	364	8014	4.54
100	397	8050	4.93
101	361	7941	4.55
102	364	8016	4.54
103	367	8055	4.56
104	338	7929	4.26
105	367	7980	4.60
106	399	7919	5.04
107	362	7616	4.75
108	407	7754	5.25
109	404	7695	5.25
110	404	7772	5.20
111	413	7886	5.24
112	385	7937	4.85
113	368	7655	4.81
114	373	7790	4.79
115	386	7744	4.98
116	373	7878	4.73
117	408	7857	5.19
118	423	7902	5.35
119	391	7687	5.09
120	394	7726	5.10
121	420	7751	5.42
122	400	7758	5.16
123	369	7773	4.75
124	373	7638	4.88
125	376	7529	4.99
126	431	7565	5.70
127	383	7440	5.15
128	414	7601	5.45
129	388	7535	5.15
130	352	7540	4.67
131	384	7598	5.05
132	375	7547	4.97
133	367	7637	4.81
134	362	7435	4.87
135	379	7502	5.05
136	379	7345	5.16
137	389	7540	5.16
138	363	7328	4.95
139	404	7471	5.41
140	394	7378	5.34
141	340	7463	4.56
142	354	7311	4.84
143	340	7302	4.66
144	357	7134	5.00
145	382	7228	5.29
146	336	7060	4.76
147	391	6849	5.71
148	325	6650	4.89
149	291	5805	5.01
150	95	3878	2.45
