-134	135	3601	3.75
-133	250	7986	3.13
-132	292	8248	3.54
-131	350	7957	4.40
-130	327	8087	4.04
-129	334	8034	4.16
-128	328	8268	3.97
-127	352	8068	4.36
-126	349	8087	4.32
-125	326	7979	4.09
-124	334	8073	4.14
-123	322	7883	4.08
-122	343	7923	4.33
-121	340	8131	4.18
-120	339	8206	4.13
-119	348	8146	4.27
-118	361	8051	4.48
-117	329	8082	4.07
-116	369	8188	4.51
-115	371	8094	4.58
-114	357	8037	4.44
-113	386	7971	4.84
-112	368	7892	4.66
-111	364	8003	4.55
-110	347	8200	4.23
-109	343	7953	4.31
-108	336	7934	4.23
-107	360	8013	4.49
-106	363	7987	4.54
-105	354	8078	4.38
-104	365	8054	4.53
-103	369	8024	4.60
-102	350	7967	4.39
-101	348	8140	4.28
-100	384	8126	4.73
-99	339	7931	4.27
-98	352	8100	4.35
-97	365	8099	4.51
-96	340	8120	4.19
-95	348	8130	4.28
-94	373	8221	4.54
-93	384	8363	4.59
-92	353	7955	4.44
-91	338	8222	4.11
-90	411	8140	5.05
-89	365	8179	4.46
-88	356	8337	4.27
-87	336	8282	4.06
-86	348	8117	4.29
-85	363	8326	4.36
-84	393	8357	4.70
-83	370	8382	4.41
-82	380	8219	4.62
-81	370	8505	4.35
-80	371	8400	4.42
-79	349	8217	4.25
-78	382	8542	4.47
-77	361	8296	4.35
-76	391	8377	4.67
-75	316	8420	3.75
-74	409	8392	4.87
-73	376	8244	4.56
-72	377	8289	4.55
-71	375	8147	4.60
-70	378	8118	4.66
-69	312	8154	3.83
-68	369	8307	4.44
-67	383	8085	4.74
-66	360	8173	4.40
-65	347	8226	4.22
-64	361	8241	4.38
-63	347	8285	4.19
-62	351	8081	4.34
-61	358	8130	4.40
-60	346	8216	4.21
-59	356	8275	4.30
-58	387	8241	4.70
-57	310	8282	3.74
-56	361	8399	4.30
-55	349	8116	4.30
-54	353	8317	4.24
-53	353	8116	4.35
-52	372	8170	4.55
-51	367	8356	4.39
-50	329	8181	4.02
-49	347	8101	4.28
-48	339	8243	4.11
-47	350	8362	4.19
-46	351	8357	4.20
-45	327	8329	3.93
-44	373	8324	4.48
-43	330	8422	3.92
-42	368	8168	4.51
-41	380	8401	4.52
-40	365	8453	4.32
-39	373	8287	4.50
-38	383	8457	4.53
-37	356	8253	4.31
-36	385	8358	4.61
-35	354	8368	4.23
-34	387	8378	4.62
-33	348	8452	4.12
-32	351	8391	4.18
-31	330	8284	3.98
-30	330	8191	4.03
-29	372	8384	4.44
-28	364	8129	4.48
-27	366	8238	4.44
-26	359	8390	4.28
-25	390	8516	4.58
-24	380	8249	4.61
-23	364	8243	4.42
-22	363	8194	4.43
-21	361	8189	4.41
-20	336	8046	4.18
-19	393	8173	4.81
-18	346	8291	4.17
-17	349	8054	4.33
-16	347	8115	4.28
-15	349	8090	4.31
-14	368	8108	4.54
-13	347	8072	4.30
-12	329	8182	4.02
-11	357	8218	4.34
-10	346	7936	4.36
-9	349	8115	4.30
-8	352	8229	4.28
-7	348	8042	4.33
-6	367	8147	4.50
-5	343	8246	4.16
-4	381	7930	4.80
-3	304	7585	4.01
-2	330	7890	4.18
2	26	124	20.97
3	235	712	33.01
4	564	1875	30.08
5	838	4464	18.77
6	627	4979	12.59
7	402	4392	9.15
8	255	4175	6.11
9	206	4082	5.05
10	176	4304	4.09
11	157	4306	3.65
12	173	4541	3.81
13	163	4487	3.63
14	185	4742	3.90
15	220	4781	4.60
16	167	4971	3.36
17	215	4889	4.40
18	197	5156	3.82
19	184	4913	3.75
20	214	5271	4.06
21	224	5062	4.43
22	197	5037	3.91
23	206	5004	4.12
24	197	5107	3.86
25	200	5028	3.98
26	240	5190	4.62
27	206	5054	4.08
28	232	5150	4.50
29	231	5181	4.46
30	217	5164	4.20
31	235	5079	4.63
32	213	5287	4.03
33	212	5024	4.22
34	188	5212	3.61
35	233	5175	4.50
36	226	5204	4.34
37	240	5229	4.59
38	232	5065	4.58
39	214	5232	4.09
40	196	5254	3.73
41	199	5171	3.85
42	242	5248	4.61
43	231	5223	4.42
44	237	5178	4.58
45	254	5375	4.73
46	230	5143	4.47
47	216	5362	4.03
48	258	5164	5.00
49	218	5246	4.16
50	237	5216	4.54
51	236	5110	4.62
52	211	5144	4.10
53	185	5237	3.53
54	219	5222	4.19
55	236	5362	4.40
56	245	5431	4.51
57	249	5272	4.72
58	243	5383	4.51
59	211	5353	3.94
60	232	5438	4.27
61	216	5237	4.12
62	237	5365	4.42
63	223	5373	4.15
64	254	5494	4.62
65	221	5300	4.17
66	227	5469	4.15
67	250	5527	4.52
68	234	5311	4.41
69	227	5511	4.12
70	222	5348	4.15
71	247	5437	4.54
72	260	5496	4.73
73	209	5388	3.88
74	224	5213	4.30
75	249	5276	4.72
76	221	5268	4.20
77	225	5264	4.27
78	237	5075	4.67
79	232	5261	4.41
80	224	5217	4.29
81	230	5149	4.47
82	206	5244	3.93
83	200	5221	3.83
84	210	5310	3.95
85	228	5301	4.30
86	239	5101	4.69
87	210	5103	4.12
88	218	5211	4.18
89	213	5249	4.06
90	221	5316	4.16
91	221	5128	4.31
92	223	5185	4.30
93	251	5320	4.72
94	216	5147	4.20
95	220	5158	4.27
96	246	5353	4.60
97	206	5226	3.94
98	204	5283	3.86
99	241	5362	4.49
100	238	5219	4.56
101	227	5196	4.37
102	227	5153	4.41
103	222	5289	4.20
104	198	5143	3.85
105	226	5275	4.28
106	225	5287	4.26
107	274	5216	5.25
108	196	5125	3.82
109	221	5206	4.25
110	222	5205	4.27
111	242	4977	4.86
112	226	5161	4.38
113	206	5018	4.11
114	224	4952	4.52
115	241	5010	4.81
116	211	5179	4.07
117	204	4983	4.09
118	231	5026	4.60
119	213	4928	4.32
120	217	4990	4.35
121	234	4970	4.71
122	217	5055	4.29
123	208	4934	4.22
124	250	4923	5.08
125	232	4933	4.70
126	203	4837	4.20
127	229	5089	4.50
128	223	4891	4.56
129	187	4801	3.90
130	226	4923	4.59
131	226	4925	4.59
132	192	4840	3.97
133	193	4952	3.90
134	213	4779	4.46
135	190	4901	3.88
136	209	4789	4.36
137	244	4812	5.07
138	221	4779	4.62
139	199	4709	4.23
140	208	4847	4.29
141	236	4604	5.13
142	206	4759	4.33
143	206	4770	4.32
144	200	4697	4.26
145	217	4526	4.79
146	200	4523	4.42
147	219	4443	4.93
148	212	4265	4.97
149	151	3930	3.84
150	60	2568	2.34
