-134	284	5182	5.48
-133	645	10639	6.06
-132	794	11036	7.19
-131	794	11117	7.14
-130	784	11196	7.00
-129	779	10974	7.10
-128	836	11296	7.40
-127	881	11194	7.87
-126	836	11186	7.47
-125	906	11405	7.94
-124	842	11132	7.56
-123	999	11348	8.80
-122	939	11212	8.37
-121	893	11028	8.10
-120	935	11168	8.37
-119	954	11304	8.44
-118	975	11325	8.61
-117	939	11225	8.37
-116	936	11255	8.32
-115	959	11137	8.61
-114	908	11016	8.24
-113	908	11130	8.16
-112	894	10982	8.14
-111	986	11060	8.92
-110	883	11044	8.00
-109	919	11236	8.18
-108	881	10952	8.04
-107	863	11195	7.71
-106	936	11067	8.46
-105	947	11150	8.49
-104	863	10817	7.98
-103	891	11109	8.02
-102	978	11404	8.58
-101	958	11237	8.53
-100	945	11186	8.45
-99	944	10875	8.68
-98	917	11048	8.30
-97	954	11188	8.53
-96	903	11206	8.06
-95	941	11328	8.31
-94	927	11111	8.34
-93	941	11377	8.27
-92	1003	11448	8.76
-91	993	11311	8.78
-90	960	11353	8.46
-89	976	11319	8.62
-88	954	11311	8.43
-87	902	11514	7.83
-86	947	11342	8.35
-85	890	11319	7.86
-84	925	11511	8.04
-83	944	11122	8.49
-82	984	11480	8.57
-81	987	11494	8.59
-80	969	11341	8.54
-79	983	11477	8.56
-78	987	11613	8.50
-77	940	11422	8.23
-76	903	11479	7.87
-75	975	11633	8.38
-74	1001	11633	8.60
-73	958	11307	8.47
-72	1006	11527	8.73
-71	976	11326	8.62
-70	911	11342	8.03
-69	933	11376	8.20
-68	941	11298	8.33
-67	980	11341	8.64
-66	929	11445	8.12
-65	914	11215	8.15
-64	928	11157	8.32
-63	889	11312	7.86
-62	962	11503	8.36
-61	927	11168	8.30
-60	976	11378	8.58
-59	938	11383	8.24
-58	960	11296	8.50
-57	955	11470	8.33
-56	994	11568	8.59
-55	934	11623	8.04
-54	929	11526	8.06
-53	909	11374	7.99
-52	958	11422	8.39
-51	919	11310	8.13
-50	936	11347	8.25
-49	911	11476	7.94
-48	967	11623	8.32
-47	961	11532	8.33
-46	917	11444	8.01
-45	934	11436	8.17
-44	908	11575	7.84
-43	966	11380	8.49
-42	894	11536	7.75
-41	958	11482	8.34
-40	976	11610	8.41
-39	978	11387	8.59
-38	930	11481	8.10
-37	939	11587	8.10
-36	983	11380	8.64
-35	989	11267	8.78
-34	934	11518	8.11
-33	913	11340	8.05
-32	935	11581	8.07
-31	976	11482	8.50
-30	960	11302	8.49
-29	991	11560	8.57
-28	957	11182	8.56
-27	933	11410	8.18
-26	929	11303	8.22
-25	910	11341	8.02
-24	948	11518	8.23
-23	940	11318	8.31
-22	920	11306	8.14
-21	943	11187	8.43
-20	980	11285	8.68
-19	947	11337	8.35
-18	956	11178	8.55
-17	957	11285	8.48
-16	922	11280	8.17
-15	899	11216	8.02
-14	938	11077	8.47
-13	964	11186	8.62
-12	888	11199	7.93
-11	956	11331	8.44
-10	905	10792	8.39
-9	874	11093	7.88
-8	934	11175	8.36
-7	958	11052	8.67
-6	922	11368	8.11
-5	866	11210	7.73
-4	901	10494	8.59
-3	822	10489	7.84
-2	994	10501	9.47
2	45	221	20.36
3	353	1093	32.30
4	913	2954	30.91
5	1294	6524	19.83
6	1051	7056	14.90
7	670	6406	10.46
8	595	5962	9.98
9	425	5871	7.24
10	394	5926	6.65
11	422	6071	6.95
12	401	6078	6.60
13	462	6299	7.33
14	464	6474	7.17
15	488	6691	7.29
16	532	6824	7.80
17	540	6971	7.75
18	555	6980	7.95
19	510	6890	7.40
20	472	7042	6.70
21	549	7082	7.75
22	487	6845	7.11
23	529	6908	7.66
24	514	7084	7.26
25	562	7044	7.98
26	561	6985	8.03
27	568	7111	7.99
28	556	6943	8.01
29	586	7309	8.02
30	516	7098	7.27
31	587	7160	8.20
32	517	7218	7.16
33	559	7110	7.86
34	558	7242	7.71
35	588	7131	8.25
36	576	7185	8.02
37	590	7212	8.18
38	610	7278	8.38
39	560	7251	7.72
40	535	7396	7.23
41	599	7351	8.15
42	619	7180	8.62
43	557	7353	7.58
44	567	7155	7.92
45	602	7330	8.21
46	602	7189	8.37
47	582	7239	8.04
48	535	7262	7.37
49	580	7320	7.92
50	602	7159	8.41
51	615	7361	8.35
52	577	7417	7.78
53	556	7255	7.66
54	525	7222	7.27
55	587	7286	8.06
56	597	7208	8.28
57	613	7413	8.27
58	599	7201	8.32
59	573	7399	7.74
60	544	7441	7.31
61	553	7399	7.47
62	587	7155	8.20
63	593	7612	7.79
64	565	7237	7.81
65	559	7465	7.49
66	620	7642	8.11
67	591	7510	7.87
68	626	7382	8.48
69	637	7503	8.49
70	582	7526	7.73
71	503	7146	7.04
72	557	7477	7.45
73	611	7220	8.46
74	628	7510	8.36
75	575	7236	7.95
76	577	7523	7.67
77	632	7320	8.63
78	612	7276	8.41
79	635	7411	8.57
80	632	7296	8.66
81	638	7403	8.62
82	563	7286	7.73
83	565	7247	7.80
84	587	7573	7.75
85	565	7123	7.93
86	553	7380	7.49
87	593	7245	8.18
88	582	7264	8.01
89	506	7318	6.91
90	569	7214	7.89
91	579	7273	7.96
92	564	7181	7.85
93	556	7286	7.63
94	529	7118	7.43
95	553	7308	7.57
96	539	7135	7.55
97	530	7093	7.47
98	618	7326	8.44
99	548	7269	7.54
100	624	7205	8.66
101	623	7362	8.46
102	594	7206	8.24
103	589	7243	8.13
104	555	7222	7.68
105	604	7350	8.22
106	582	7196	8.09
107	571	7254	7.87
108	624	7040	8.86
109	610	7237	8.43
110	558	7160	7.79
111	534	7039	7.59
112	570	7125	8.00
113	552	7039	7.84
114	593	7013	8.46
115	558	7113	7.84
116	577	7199	8.02
117	589	6870	8.57
118	565	7088	7.97
119	544	6899	7.89
120	593	6957	8.52
121	549	6667	8.23
122	600	6896	8.70
123	615	6948	8.85
124	536	6878	7.79
125	554	6994	7.92
126	497	6718	7.40
127	568	6939	8.19
128	556	6865	8.10
129	588	6849	8.59
130	552	6897	8.00
131	552	6540	8.44
132	645	6883	9.37
133	554	6727	8.24
134	578	6820	8.48
135	601	6664	9.02
136	539	6812	7.91
137	551	6569	8.39
138	557	6726	8.28
139	550	6458	8.52
140	590	6606	8.93
141	529	6686	7.91
142	545	6568	8.30
143	543	6522	8.33
144	526	6499	8.09
145	505	6308	8.01
146	547	6258	8.74
147	514	6113	8.41
148	507	5978	8.48
149	425	5336	7.96
150	137	3505	3.91
