-134	44	2549	1.73
-133	104	6166	1.69
-132	121	6590	1.84
-131	138	6554	2.11
-130	116	6776	1.71
-129	157	6887	2.28
-128	139	6907	2.01
-127	125	6869	1.82
-126	137	6687	2.05
-125	137	6945	1.97
-124	142	7050	2.01
-123	149	6941	2.15
-122	134	6900	1.94
-121	140	6830	2.05
-120	144	6877	2.09
-119	150	6687	2.24
-118	190	7032	2.70
-117	156	6799	2.29
-116	163	7222	2.26
-115	142	6906	2.06
-114	135	6784	1.99
-113	149	6868	2.17
-112	145	6879	2.11
-111	162	6566	2.47
-110	146	6612	2.21
-109	160	6719	2.38
-108	163	6768	2.41
-107	133	6788	1.96
-106	150	6834	2.19
-105	146	6756	2.16
-104	223	6947	3.21
-103	141	6830	2.06
-102	171	7070	2.42
-101	166	6892	2.41
-100	180	7008	2.57
-99	152	6751	2.25
-98	154	6892	2.23
-97	146	6949	2.10
-96	164	6937	2.36
-95	136	6986	1.95
-94	174	6871	2.53
-93	173	7021	2.46
-92	153	7013	2.18
-91	129	6699	1.93
-90	201	6974	2.88
-89	173	6992	2.47
-88	179	7156	2.50
-87	166	7125	2.33
-86	162	7191	2.25
-85	160	7206	2.22
-84	153	7354	2.08
-83	161	7021	2.29
-82	197	6941	2.84
-81	158	7298	2.16
-80	156	7349	2.12
-79	174	7212	2.41
-78	159	6871	2.31
-77	153	6924	2.21
-76	149	7270	2.05
-75	172	7348	2.34
-74	143	7123	2.01
-73	159	6825	2.33
-72	146	7007	2.08
-71	161	7156	2.25
-70	170	7082	2.40
-69	190	7361	2.58
-68	192	7073	2.71
-67	170	7175	2.37
-66	159	7137	2.23
-65	154	7104	2.17
-64	192	7079	2.71
-63	155	7018	2.21
-62	184	7069	2.60
-61	161	7118	2.26
-60	144	7152	2.01
-59	175	7083	2.47
-58	174	7281	2.39
-57	156	6985	2.23
-56	160	7277	2.20
-55	164	7271	2.26
-54	133	7053	1.89
-53	163	7199	2.26
-52	163	7235	2.25
-51	151	7059	2.14
-50	150	7041	2.13
-49	160	7172	2.23
-48	145	6935	2.09
-47	144	7111	2.03
-46	181	7495	2.41
-45	146	7046	2.07
-44	170	7250	2.34
-43	173	7343	2.36
-42	162	7195	2.25
-41	191	7381	2.59
-40	178	7588	2.35
-39	145	7171	2.02
-38	167	7645	2.18
-37	146	7305	2.00
-36	184	7313	2.52
-35	177	7241	2.44
-34	177	7178	2.47
-33	165	7216	2.29
-32	151	6997	2.16
-31	173	7361	2.35
-30	155	7270	2.13
-29	167	7366	2.27
-28	167	7173	2.33
-27	160	7352	2.18
-26	144	7290	1.98
-25	128	7030	1.82
-24	162	7458	2.17
-23	173	7028	2.46
-22	152	7171	2.12
-21	164	7224	2.27
-20	128	7098	1.80
-19	143	6994	2.04
-18	154	6963	2.21
-17	178	7233	2.46
-16	159	7029	2.26
-15	155	7127	2.17
-14	151	7061	2.14
-13	176	7009	2.51
-12	177	6924	2.56
-11	151	7246	2.08
-10	164	7087	2.31
-9	177	7190	2.46
-8	175	7101	2.46
-7	165	6919	2.38
-6	219	7018	3.12
-5	150	7169	2.09
-4	170	6776	2.51
-3	137	6831	2.01
-2	161	6949	2.32
2	103	261	39.46
3	465	1016	45.77
4	1072	2698	39.73
5	1518	4935	30.76
6	1093	4874	22.43
7	638	4168	15.31
8	433	3897	11.11
9	243	3808	6.38
10	187	3870	4.83
11	147	4042	3.64
12	128	4129	3.10
13	105	4187	2.51
14	120	4308	2.79
15	109	4330	2.52
16	102	4513	2.26
17	113	4521	2.50
18	112	4463	2.51
19	112	4324	2.59
20	86	4573	1.88
21	92	4388	2.10
22	127	4380	2.90
23	86	4409	1.95
24	109	4492	2.43
25	94	4349	2.16
26	111	4663	2.38
27	96	4454	2.16
28	88	4489	1.96
29	112	4516	2.48
30	121	4625	2.62
31	97	4614	2.10
32	124	4500	2.76
33	107	4650	2.30
34	115	4584	2.51
35	93	4454	2.09
36	103	4628	2.23
37	71	4620	1.54
38	108	4549	2.37
39	87	4543	1.92
40	116	4531	2.56
41	85	4554	1.87
42	98	4653	2.11
43	98	4510	2.17
44	95	4563	2.08
45	86	4646	1.85
46	72	4551	1.58
47	85	4537	1.87
48	152	4685	3.24
49	96	4512	2.13
50	115	4700	2.45
51	92	4476	2.06
52	106	4720	2.25
53	119	4417	2.69
54	98	4609	2.13
55	110	4621	2.38
56	106	4577	2.32
57	104	4578	2.27
58	95	4476	2.12
59	115	4606	2.50
60	139	4612	3.01
61	139	4871	2.85
62	93	4587	2.03
63	119	4783	2.49
64	105	4505	2.33
65	96	4652	2.06
66	133	4681	2.84
67	101	4584	2.20
68	109	4802	2.27
69	108	4628	2.33
70	96	4680	2.05
71	120	4594	2.61
72	94	4591	2.05
73	114	4697	2.43
74	129	4607	2.80
75	107	4639	2.31
76	99	4638	2.13
77	127	4529	2.80
78	110	4517	2.44
79	114	4586	2.49
80	117	4555	2.57
81	116	4553	2.55
82	105	4739	2.22
83	96	4528	2.12
84	125	4683	2.67
85	81	4671	1.73
86	111	4544	2.44
87	138	4720	2.92
88	110	4783	2.30
89	124	4545	2.73
90	83	4478	1.85
91	119	4675	2.55
92	122	4747	2.57
93	131	4618	2.84
94	99	4531	2.18
95	99	4653	2.13
96	136	4564	2.98
97	100	4811	2.08
98	108	4633	2.33
99	117	4774	2.45
100	127	4626	2.75
101	129	4784	2.70
102	84	4615	1.82
103	135	4719	2.86
104	117	4825	2.42
105	127	4800	2.65
106	87	4748	1.83
107	119	4743	2.51
108	106	4659	2.28
109	131	4679	2.80
110	126	4692	2.69
111	134	4637	2.89
112	116	4649	2.50
113	115	4624	2.49
114	106	4578	2.32
115	118	4588	2.57
116	116	4513	2.57
117	133	4675	2.84
118	115	4563	2.52
119	99	4702	2.11
120	106	4557	2.33
121	98	4503	2.18
122	126	4625	2.72
123	102	4648	2.19
124	129	4414	2.92
125	131	4622	2.83
126	135	4682	2.88
127	71	4564	1.56
128	99	4459	2.22
129	120	4464	2.69
130	104	4277	2.43
131	100	4539	2.20
132	98	4422	2.22
133	99	4275	2.32
134	86	4334	1.98
135	115	4486	2.56
136	119	4116	2.89
137	116	4385	2.65
138	110	4431	2.48
139	92	4303	2.14
140	118	4421	2.67
141	127	4395	2.89
142	91	4157	2.19
143	98	3833	2.56
144	79	3892	2.03
145	99	4069	2.43
146	106	3822	2.77
147	81	3876	2.09
148	71	3489	2.03
149	74	3132	2.36
150	19	1702	1.12
