-134	348	13712	2.54
-133	779	30480	2.56
-132	822	31761	2.59
-131	1037	31973	3.24
-130	1064	31989	3.33
-129	1082	31781	3.40
-128	1123	31771	3.53
-127	1190	31862	3.73
-126	1039	31926	3.25
-125	1126	32644	3.45
-124	1182	32045	3.69
-123	1223	32949	3.71
-122	1195	32009	3.73
-121	1364	32455	4.20
-120	1172	32220	3.64
-119	1317	32113	4.10
-118	1251	32716	3.82
-117	1332	32010	4.16
-116	1306	32614	4.00
-115	1232	32552	3.78
-114	1339	31819	4.21
-113	1356	31988	4.24
-112	1288	31724	4.06
-111	1310	31107	4.21
-110	1352	30943	4.37
-109	1176	31632	3.72
-108	1303	31680	4.11
-107	1238	31466	3.93
-106	1199	32105	3.73
-105	1362	31674	4.30
-104	1350	32387	4.17
-103	1300	32705	3.97
-102	1331	31712	4.20
-101	1364	32308	4.22
-100	1379	32205	4.28
-99	1348	32048	4.21
-98	1447	31667	4.57
-97	1376	31991	4.30
-96	1247	31913	3.91
-95	1449	31796	4.56
-94	1354	31901	4.24
-93	1397	32368	4.32
-92	1313	31908	4.11
-91	1318	31866	4.14
-90	1402	32462	4.32
-89	1376	32401	4.25
-88	1455	33361	4.36
-87	1468	33371	4.40
-86	1341	32622	4.11
-85	1471	33447	4.40
-84	1471	33936	4.33
-83	1403	32968	4.26
-82	1538	33899	4.54
-81	1546	34023	4.54
-80	1477	33136	4.46
-79	1396	33456	4.17
-78	1454	33367	4.36
-77	1416	32510	4.36
-76	1350	32913	4.10
-75	1351	33352	4.05
-74	1427	33413	4.27
-73	1309	32660	4.01
-72	1269	33669	3.77
-71	1377	33084	4.16
-70	1433	32358	4.43
-69	1441	33324	4.32
-68	1384	32551	4.25
-67	1420	32938	4.31
-66	1406	32936	4.27
-65	1334	32573	4.10
-64	1352	32610	4.15
-63	1475	32448	4.55
-62	1298	32224	4.03
-61	1351	32780	4.12
-60	1315	32408	4.06
-59	1312	32590	4.03
-58	1540	33170	4.64
-57	1380	33120	4.17
-56	1447	32900	4.40
-55	1359	32855	4.14
-54	1430	32751	4.37
-53	1435	32789	4.38
-52	1332	32928	4.05
-51	1256	32767	3.83
-50	1439	33178	4.34
-49	1357	33217	4.09
-48	1433	33745	4.25
-47	1474	33665	4.38
-46	1359	33583	4.05
-45	1304	33061	3.94
-44	1405	33402	4.21
-43	1347	33865	3.98
-42	1368	32738	4.18
-41	1407	33361	4.22
-40	1490	33842	4.40
-39	1360	33173	4.10
-38	1450	33594	4.32
-37	1402	33315	4.21
-36	1449	32971	4.39
-35	1406	33156	4.24
-34	1354	33164	4.08
-33	1465	33777	4.34
-32	1471	33826	4.35
-31	1371	33329	4.11
-30	1425	32851	4.34
-29	1360	33636	4.04
-28	1462	32460	4.50
-27	1223	32642	3.75
-26	1428	32305	4.42
-25	1407	32511	4.33
-24	1344	32877	4.09
-23	1412	32212	4.38
-22	1328	32842	4.04
-21	1564	32145	4.87
-20	1398	32173	4.35
-19	1372	32515	4.22
-18	1428	31747	4.50
-17	1378	31666	4.35
-16	1512	32563	4.64
-15	1327	32012	4.15
-14	1264	32395	3.90
-13	1451	33125	4.38
-12	1324	32320	4.10
-11	1442	32399	4.45
-10	1367	31279	4.37
-9	1339	32001	4.18
-8	1456	31673	4.60
-7	1364	31567	4.32
-6	1402	32439	4.32
-5	1339	31561	4.24
-4	1215	30815	3.94
-3	1175	30392	3.87
-2	1566	31110	5.03
2	160	679	23.56
3	1195	3543	33.73
4	2909	9772	29.77
5	4522	22840	19.80
6	2874	23446	12.26
7	1654	20200	8.19
8	1162	18280	6.36
9	844	18572	4.54
10	681	18978	3.59
11	649	18884	3.44
12	798	19444	4.10
13	799	20143	3.97
14	782	20254	3.86
15	787	20246	3.89
16	823	20607	3.99
17	823	20548	4.01
18	822	20693	3.97
19	818	21203	3.86
20	846	21076	4.01
21	886	21032	4.21
22	820	21002	3.90
23	793	20823	3.81
24	838	21107	3.97
25	906	20978	4.32
26	830	20826	3.99
27	826	21261	3.89
28	850	20628	4.12
29	856	21178	4.04
30	898	21065	4.26
31	881	21245	4.15
32	844	21191	3.98
33	870	21145	4.11
34	879	21369	4.11
35	924	21177	4.36
36	853	21377	3.99
37	1059	21420	4.94
38	1004	21184	4.74
39	994	21435	4.64
40	926	21509	4.31
41	819	21066	3.89
42	893	21343	4.18
43	883	21345	4.14
44	900	21059	4.27
45	928	21049	4.41
46	821	21154	3.88
47	879	21417	4.10
48	930	21481	4.33
49	915	21022	4.35
50	846	21656	3.91
51	982	21092	4.66
52	918	21287	4.31
53	971	21326	4.55
54	979	21648	4.52
55	954	21719	4.39
56	935	21264	4.40
57	952	21538	4.42
58	974	21362	4.56
59	984	21752	4.52
60	959	21876	4.38
61	869	21728	4.00
62	908	21840	4.16
63	920	21626	4.25
64	830	22067	3.76
65	920	21480	4.28
66	954	22345	4.27
67	974	22138	4.40
68	899	22598	3.98
69	893	21591	4.14
70	933	21795	4.28
71	883	21381	4.13
72	952	22440	4.24
73	889	22008	4.04
74	986	22195	4.44
75	891	22212	4.01
76	979	21880	4.47
77	931	22124	4.21
78	977	22293	4.38
79	911	21212	4.29
80	921	21787	4.23
81	884	21298	4.15
82	894	21428	4.17
83	930	21408	4.34
84	1074	21841	4.92
85	748	21624	3.46
86	854	21692	3.94
87	889	21584	4.12
88	807	21574	3.74
89	878	21569	4.07
90	941	21774	4.32
91	984	21971	4.48
92	822	21537	3.82
93	803	21837	3.68
94	823	21257	3.87
95	868	21127	4.11
96	925	21944	4.22
97	809	21642	3.74
98	951	22012	4.32
99	821	22021	3.73
100	908	21570	4.21
101	941	22042	4.27
102	877	21727	4.04
103	1025	22049	4.65
104	943	22119	4.26
105	926	22119	4.19
106	951	22380	4.25
107	911	21931	4.15
108	982	21644	4.54
109	1014	21373	4.74
110	904	21729	4.16
111	857	21476	3.99
112	952	21456	4.44
113	826	21553	3.83
114	1017	21726	4.68
115	900	21923	4.11
116	904	21749	4.16
117	915	21782	4.20
118	970	21294	4.56
119	975	21713	4.49
120	1041	21893	4.75
121	974	21745	4.48
122	928	22118	4.20
123	869	21612	4.02
124	919	21602	4.25
125	955	21797	4.38
126	945	21317	4.43
127	991	21853	4.53
128	1063	21840	4.87
129	938	21742	4.31
130	962	21557	4.46
131	988	21533	4.59
132	891	21218	4.20
133	1006	22045	4.56
134	992	21485	4.62
135	927	21402	4.33
136	1022	21445	4.77
137	1001	21529	4.65
138	943	21224	4.44
139	864	21204	4.07
140	975	21226	4.59
141	965	21117	4.57
142	980	21033	4.66
143	827	20911	3.95
144	963	21022	4.58
145	913	20703	4.41
146	819	20364	4.02
147	791	19560	4.04
148	859	19408	4.43
149	781	17267	4.52
150	282	11777	2.39
