CpG context
===========
position	count methylated	count unmethylated	% methylation	coverage
1	17632	32627	35.08	50259
2	16726	32616	33.90	49342
3	16374	31989	33.86	48363
4	18290	32909	35.72	51199
5	18592	32182	36.62	50774
6	20223	36619	35.58	56842
7	18923	31732	37.36	50655
8	20794	35456	36.97	56250
9	22682	38097	37.32	60779
10	18578	34315	35.12	52893
11	20326	34844	36.84	55170
12	23387	38528	37.77	61915
13	24904	39589	38.62	64493
14	22786	38004	37.48	60790
15	22189	38129	36.79	60318
16	20644	34292	37.58	54936
17	20908	36902	36.17	57810
18	21590	36303	37.29	57893
19	20924	36471	36.46	57395
20	21668	36638	37.16	58306
21	19596	34752	36.06	54348
22	25325	39453	39.10	64778
23	20452	35065	36.84	55517
24	26721	39709	40.22	66430
25	23323	37889	38.10	61212
26	20448	36379	35.98	56827
27	21051	34151	38.13	55202
28	22418	38008	37.10	60426
29	21238	35520	37.42	56758
30	21406	34586	38.23	55992
31	19361	32887	37.06	52248
32	21165	35390	37.42	56555
33	18713	33584	35.78	52297
34	19363	33345	36.74	52708
35	19235	32451	37.22	51686
36	22014	35721	38.13	57735
37	21541	34535	38.41	56076
38	22213	36096	38.10	58309
39	18712	33096	36.12	51808
40	19226	32690	37.03	51916
41	22208	34937	38.86	57145
42	20215	34611	36.87	54826
43	19048	33368	36.34	52416
44	20567	33886	37.77	54453
45	19789	33128	37.40	52917
46	20997	34397	37.90	55394
47	18059	31984	36.09	50043
48	20774	33964	37.95	54738
49	22361	36258	38.15	58619
50	20153	33432	37.61	53585
51	20222	33193	37.86	53415
52	20120	33955	37.21	54075
53	20859	34387	37.76	55246
54	19833	33777	36.99	53610
55	19445	32601	37.36	52046
56	19749	33286	37.24	53035
57	19196	33438	36.47	52634
58	17889	31232	36.42	49121
59	16890	30849	35.38	47739
60	18094	32655	35.65	50749
61	17757	31505	36.05	49262
62	19231	31641	37.80	50872
63	17580	31075	36.13	48655
64	17522	31715	35.59	49237
65	17831	31016	36.50	48847
66	18045	31731	36.25	49776
67	16783	31244	34.94	48027
68	18193	31287	36.77	49480
69	18966	32366	36.95	51332
70	18312	30915	37.20	49227
71	18140	30818	37.05	48958
72	17394	29904	36.78	47298
73	17505	31337	35.84	48842
74	16367	30511	34.91	46878
75	16851	29903	36.04	46754
76	16752	30328	35.58	47080
77	16086	29530	35.26	45616
78	16094	30063	34.87	46157
79	16931	30043	36.04	46974
80	15686	28132	35.80	43818
81	16317	29736	35.43	46053
82	16139	29336	35.49	45475
83	15237	27242	35.87	42479
84	14603	28574	33.82	43177
85	14420	27522	34.38	41942
86	14820	27343	35.15	42163
87	15109	28035	35.02	43144
88	10818	9220	53.99	20038

CHG context
===========
position	count methylated	count unmethylated	% methylation	coverage
1	10805	239767	4.31	250572
2	11082	212691	4.95	223773
3	11152	218678	4.85	229830
4	11375	209656	5.15	221031
5	12353	226800	5.17	239153
6	11413	241491	4.51	252904
7	12400	234651	5.02	247051
8	12061	215764	5.29	227825
9	13123	256574	4.87	269697
10	12461	218473	5.40	230934
11	12726	216900	5.54	229626
12	12464	235205	5.03	247669
13	12741	229199	5.27	241940
14	12459	229692	5.15	242151
15	12321	232431	5.03	244752
16	11708	216818	5.12	228526
17	13134	214417	5.77	227551
18	12877	216188	5.62	229065
19	12243	219679	5.28	231922
20	12153	213855	5.38	226008
21	12363	218248	5.36	230611
22	12695	218756	5.48	231451
23	12685	223293	5.38	235978
24	12180	222039	5.20	234219
25	12351	218413	5.35	230764
26	12240	231196	5.03	243436
27	11887	217444	5.18	229331
28	12613	230363	5.19	242976
29	13383	238856	5.31	252239
30	13200	222078	5.61	235278
31	12355	231276	5.07	243631
32	11965	223841	5.07	235806
33	12838	244984	4.98	257822
34	11984	226047	5.03	238031
35	12344	218128	5.36	230472
36	12819	215999	5.60	228818
37	11882	224656	5.02	236538
38	12300	230609	5.06	242909
39	13961	224734	5.85	238695
40	12037	209703	5.43	221740
41	12572	216277	5.49	228849
42	13254	230878	5.43	244132
43	13218	219000	5.69	232218
44	11743	213296	5.22	225039
45	12465	217337	5.42	229802
46	12374	210845	5.54	223219
47	12323	218908	5.33	231231
48	11792	210231	5.31	222023
49	11482	220955	4.94	232437
50	11751	213654	5.21	225405
51	11802	212063	5.27	223865
52	12179	216753	5.32	228932
53	11997	211346	5.37	223343
54	11703	210003	5.28	221706
55	11352	204184	5.27	215536
56	11043	209642	5.00	220685
57	12105	222738	5.15	234843
58	11803	213982	5.23	225785
59	11579	206019	5.32	217598
60	12007	207817	5.46	219824
61	11766	212949	5.24	224715
62	11400	206211	5.24	217611
63	13075	217685	5.67	230760
64	11735	201337	5.51	213072
65	11397	199874	5.39	211271
66	12220	204119	5.65	216339
67	11949	203723	5.54	215672
68	11931	201637	5.59	213568
69	11380	197963	5.44	209343
70	11233	197055	5.39	208288
71	12894	203294	5.96	216188
72	10609	195242	5.15	205851
73	10419	192438	5.14	202857
74	10244	201867	4.83	212111
75	10341	202271	4.86	212612
76	10972	195014	5.33	205986
77	10301	198032	4.94	208333
78	10146	197420	4.89	207566
79	10489	193638	5.14	204127
80	10296	198875	4.92	209171
81	9903	204956	4.61	214859
82	10264	203186	4.81	213450
83	10389	201273	4.91	211662
84	9712	189222	4.88	198934
85	9640	181585	5.04	191225
86	9486	181374	4.97	190860
87	8496	177159	4.58	185655
88	4652	64235	6.75	68887

CHH context
===========
position	count methylated	count unmethylated	% methylation	coverage
1	37176	745151	4.75	782327
2	37616	756483	4.74	794099
3	41893	742355	5.34	784248
4	37887	687660	5.22	725547
5	37017	668848	5.24	705865
6	36911	664737	5.26	701648
7	36923	656893	5.32	693816
8	39043	693684	5.33	732727
9	40244	669825	5.67	710069
10	41605	698168	5.62	739773
11	40132	672068	5.63	712200
12	38183	657565	5.49	695748
13	37346	651841	5.42	689187
14	36886	653308	5.34	690194
15	39637	667096	5.61	706733
16	42779	672305	5.98	715084
17	39110	645098	5.72	684208
18	38002	650282	5.52	688284
19	38746	671974	5.45	710720
20	37735	661053	5.40	698788
21	38957	645539	5.69	684496
22	40022	660453	5.71	700475
23	39491	654624	5.69	694115
24	39134	677417	5.46	716551
25	39011	660238	5.58	699249
26	40247	684200	5.56	724447
27	39135	679339	5.45	718474
28	38073	662908	5.43	700981
29	41825	691686	5.70	733511
30	41130	676354	5.73	717484
31	38109	657503	5.48	695612
32	37591	684512	5.21	722103
33	37812	673893	5.31	711705
34	40127	705714	5.38	745841
35	39966	696162	5.43	736128
36	37971	683999	5.26	721970
37	37568	668027	5.32	705595
38	37635	686901	5.19	724536
39	39991	701806	5.39	741797
40	40078	700721	5.41	740799
41	38618	681401	5.36	720019
42	37825	683708	5.24	721533
43	39229	694152	5.35	733381
44	38231	699821	5.18	738052
45	38276	676830	5.35	715106
46	40539	691913	5.53	732452
47	37958	677926	5.30	715884
48	38997	691044	5.34	730041
49	37411	678072	5.23	715483
50	38083	682133	5.29	720216
51	38805	704698	5.22	743503
52	38107	680432	5.30	718539
53	38865	687453	5.35	726318
54	40218	680448	5.58	720666
55	37671	669049	5.33	706720
56	36739	668322	5.21	705061
57	37058	658832	5.33	695890
58	36335	666902	5.17	703237
59	37319	676012	5.23	713331
60	38047	666954	5.40	705001
61	35642	661204	5.11	696846
62	36252	653000	5.26	689252
63	35335	644946	5.19	680281
64	35397	652236	5.15	687633
65	35873	643615	5.28	679488
66	35348	644385	5.20	679733
67	34454	638605	5.12	673059
68	34707	634267	5.19	668974
69	34429	630751	5.18	665180
70	35145	638099	5.22	673244
71	34021	639908	5.05	673929
72	33739	639638	5.01	673377
73	33974	640586	5.04	674560
74	33489	638409	4.98	671898
75	34231	647567	5.02	681798
76	33484	647170	4.92	680654
77	35474	640911	5.24	676385
78	34619	636288	5.16	670907
79	34003	629866	5.12	663869
80	33002	622714	5.03	655716
81	32557	619003	5.00	651560
82	31855	622416	4.87	654271
83	32578	632441	4.90	665019
84	32802	628472	4.96	661274
85	31687	619226	4.87	650913
86	30281	605255	4.76	635536
87	26983	568393	4.53	595376
88	14656	223243	6.16	237899

