CpG context
===========
position	count methylated	count unmethylated	% methylation	coverage
1	32752	48575	40.27	81327
2	32488	47105	40.82	79593
3	31403	45703	40.73	77106
4	34699	47502	42.21	82201
5	34940	49703	41.28	84643
6	35920	52767	40.50	88687
7	34979	47069	42.63	82048
8	37486	52426	41.69	89912
9	39725	52013	43.30	91738
10	32690	47762	40.63	80452
11	36420	50369	41.96	86789
12	42775	53823	44.28	96598
13	44253	55828	44.22	100081
14	42694	52926	44.65	95620
15	40669	52645	43.58	93314
16	35934	47529	43.05	83463
17	36769	52121	41.36	88890
18	38215	50607	43.02	88822
19	38435	51041	42.96	89476
20	39246	49683	44.13	88929
21	36937	47832	43.57	84769
22	45507	53086	46.16	98593
23	39381	48705	44.71	88086
24	46236	55283	45.54	101519
25	42160	54708	43.52	96868
26	37031	48492	43.30	85523
27	39117	49391	44.20	88508
28	41269	50866	44.79	92135
29	38498	49498	43.75	87996
30	40046	49716	44.61	89762
31	34293	45642	42.90	79935
32	38235	48538	44.06	86773
33	33466	47208	41.48	80674
34	35664	48182	42.54	83846
35	34898	44301	44.06	79199
36	38125	48784	43.87	86909
37	37471	49392	43.14	86863
38	38100	48848	43.82	86948
39	33449	46015	42.09	79464
40	34166	46517	42.35	80683
41	39717	47845	45.36	87562
42	34980	47275	42.53	82255
43	35088	46645	42.93	81733
44	36946	47050	43.99	83996
45	34867	45427	43.42	80294
46	37933	46199	45.09	84132
47	32782	44749	42.28	77531
48	38193	46913	44.88	85106
49	39025	50197	43.74	89222
50	35404	44591	44.26	79995
51	36711	44422	45.25	81133
52	35469	44424	44.40	79893
53	37177	45014	45.23	82191
54	37275	46357	44.57	83632
55	35542	46957	43.08	82499
56	37096	47366	43.92	84462
57	35660	45894	43.73	81554
58	33308	44397	42.86	77705
59	30955	42521	42.13	73476
60	34316	44821	43.36	79137
61	34288	43812	43.90	78100
62	34825	45419	43.40	80244
63	30480	42926	41.52	73406
64	30663	42143	42.12	72806
65	31274	43214	41.99	74488
66	31833	42612	42.76	74445
67	32263	42224	43.31	74487
68	32851	43763	42.88	76614
69	34450	46192	42.72	80642
70	33431	42814	43.85	76245
71	33021	44941	42.36	77962
72	31119	42223	42.43	73342
73	31526	41248	43.32	72774
74	30101	42214	41.62	72315
75	30075	40530	42.60	70605
76	28886	41231	41.20	70117
77	29897	39850	42.86	69747
78	31305	40397	43.66	71702
79	30868	41089	42.90	71957
80	29398	40020	42.35	69418
81	31219	39395	44.21	70614
82	31059	40512	43.40	71571
83	28470	38695	42.39	67165
84	28601	39371	42.08	67972
85	27829	37499	42.60	65328
86	27237	37408	42.13	64645
87	27949	34691	44.62	62640
88	28131	15322	64.74	43453

CHG context
===========
position	count methylated	count unmethylated	% methylation	coverage
1	23973	392042	5.76	416015
2	23805	352429	6.33	376234
3	26335	361730	6.79	388065
4	26539	346904	7.11	373443
5	26731	368848	6.76	395579
6	26087	385904	6.33	411991
7	25727	381830	6.31	407557
8	24658	354563	6.50	379221
9	28539	414097	6.45	442636
10	25865	354858	6.79	380723
11	28875	357648	7.47	386523
12	28067	385765	6.78	413832
13	26047	376156	6.48	402203
14	27647	376673	6.84	404320
15	27385	370200	6.89	397585
16	27266	350810	7.21	378076
17	27225	348549	7.25	375774
18	24813	347287	6.67	372100
19	26109	352787	6.89	378896
20	25361	342597	6.89	367958
21	26463	354325	6.95	380788
22	26008	356096	6.81	382104
23	27720	354952	7.24	382672
24	27054	350816	7.16	377870
25	25674	357883	6.69	383557
26	27280	369067	6.88	396347
27	25828	348323	6.90	374151
28	26655	367235	6.77	393890
29	29058	377782	7.14	406840
30	26866	359490	6.95	386356
31	27927	366224	7.09	394151
32	26935	363878	6.89	390813
33	28104	389483	6.73	417587
34	26097	358750	6.78	384847
35	25229	346567	6.79	371796
36	25659	342221	6.97	367880
37	26480	357227	6.90	383707
38	25556	358343	6.66	383899
39	26792	355659	7.01	382451
40	24794	342536	6.75	367330
41	27598	345792	7.39	373390
42	28207	364243	7.19	392450
43	26934	348888	7.17	375822
44	26253	338361	7.20	364614
45	27666	342776	7.47	370442
46	26494	333068	7.37	359562
47	25999	346696	6.98	372695
48	26412	330711	7.40	357123
49	25310	341674	6.90	366984
50	25540	349955	6.80	375495
51	24664	337829	6.80	362493
52	25538	341087	6.97	366625
53	25591	334013	7.12	359604
54	25417	334936	7.05	360353
55	24395	325668	6.97	350063
56	23610	336255	6.56	359865
57	25807	357828	6.73	383635
58	26452	332952	7.36	359404
59	25815	330987	7.24	356802
60	25571	326726	7.26	352297
61	26140	334794	7.24	360934
62	25677	330578	7.21	356255
63	27123	349781	7.20	376904
64	24238	321617	7.01	345855
65	25255	317178	7.38	342433
66	26218	327767	7.41	353985
67	26116	319023	7.57	345139
68	26449	321863	7.59	348312
69	25184	318857	7.32	344041
70	25315	315552	7.43	340867
71	26253	320497	7.57	346750
72	23207	310783	6.95	333990
73	23217	307812	7.01	331029
74	22811	319341	6.67	342152
75	22474	322041	6.52	344515
76	23883	316508	7.02	340391
77	22806	308767	6.88	331573
78	22882	309102	6.89	331984
79	23312	308675	7.02	331987
80	22788	316753	6.71	339541
81	23145	318546	6.77	341691
82	23877	324067	6.86	347944
83	23588	322289	6.82	345877
84	23653	295911	7.40	319564
85	22925	281412	7.53	304337
86	21263	285797	6.92	307060
87	19769	264467	6.96	284236
88	14168	118702	10.66	132870

CHH context
===========
position	count methylated	count unmethylated	% methylation	coverage
1	91305	1232840	6.90	1324145
2	89592	1238912	6.74	1328504
3	98037	1220785	7.43	1318822
4	94166	1133128	7.67	1227294
5	92990	1092683	7.84	1185673
6	92401	1087808	7.83	1180209
7	92030	1082629	7.83	1174659
8	95882	1131173	7.81	1227055
9	95505	1103870	7.96	1199375
10	99170	1144880	7.97	1244050
11	95617	1109210	7.94	1204827
12	94423	1089273	7.98	1183696
13	94494	1085416	8.01	1179910
14	92104	1096004	7.75	1188108
15	97167	1123491	7.96	1220658
16	101741	1120695	8.32	1222436
17	94661	1084314	8.03	1178975
18	91876	1096805	7.73	1188681
19	95573	1132071	7.79	1227644
20	96056	1106367	7.99	1202423
21	97811	1090699	8.23	1188510
22	98333	1110490	8.13	1208823
23	95109	1107514	7.91	1202623
24	95820	1138794	7.76	1234614
25	96710	1105026	8.05	1201736
26	95464	1141698	7.72	1237162
27	92446	1139302	7.51	1231748
28	93619	1114495	7.75	1208114
29	98969	1147644	7.94	1246613
30	99137	1129660	8.07	1228797
31	95180	1112888	7.88	1208068
32	92695	1144887	7.49	1237582
33	94494	1130794	7.71	1225288
34	93817	1178488	7.37	1272305
35	97718	1157876	7.78	1255594
36	94196	1147159	7.59	1241355
37	93674	1111315	7.77	1204989
38	93598	1147208	7.54	1240806
39	94838	1160448	7.56	1255286
40	95990	1168697	7.59	1264687
41	95360	1136771	7.74	1232131
42	93219	1153683	7.48	1246902
43	94649	1149463	7.61	1244112
44	95840	1160967	7.63	1256807
45	96302	1114493	7.95	1210795
46	95395	1141980	7.71	1237375
47	92594	1128670	7.58	1221264
48	94863	1150879	7.61	1245742
49	91879	1126861	7.54	1218740
50	91161	1144131	7.38	1235292
51	95639	1179225	7.50	1274864
52	93287	1138353	7.57	1231640
53	92042	1152915	7.39	1244957
54	96400	1134365	7.83	1230765
55	92281	1127280	7.57	1219561
56	89996	1113354	7.48	1203350
57	91497	1105402	7.64	1196899
58	89971	1120276	7.43	1210247
59	93033	1135886	7.57	1228919
60	94659	1116656	7.81	1211315
61	91028	1111781	7.57	1202809
62	89163	1097186	7.52	1186349
63	89726	1091782	7.59	1181508
64	90953	1096715	7.66	1187668
65	89809	1083970	7.65	1173779
66	87175	1085817	7.43	1172992
67	88374	1071725	7.62	1160099
68	87205	1073962	7.51	1161167
69	84837	1064029	7.38	1148866
70	87109	1077613	7.48	1164722
71	86815	1082915	7.42	1169730
72	88718	1063341	7.70	1152059
73	88767	1079486	7.60	1168253
74	84014	1076525	7.24	1160539
75	89122	1103321	7.47	1192443
76	82463	1085861	7.06	1168324
77	89008	1083341	7.59	1172349
78	86708	1068451	7.51	1155159
79	84467	1068265	7.33	1152732
80	84440	1047069	7.46	1131509
81	84584	1042726	7.50	1127310
82	84899	1047837	7.50	1132736
83	82490	1056017	7.25	1138507
84	82108	1038942	7.32	1121050
85	81723	1032413	7.34	1114136
86	80334	996482	7.46	1076816
87	72526	928873	7.24	1001399
88	51250	417912	10.92	469162

