CpG context
===========
position	count methylated	count unmethylated	% methylation	coverage
1	57038	64874	46.79	121912
2	55520	64626	46.21	120146
3	56065	64253	46.60	120318
4	58781	64652	47.62	123433
5	60357	66264	47.67	126621
6	66902	71279	48.42	138181
7	59387	62887	48.57	122274
8	66098	69914	48.60	136012
9	69312	71377	49.27	140689
10	59536	64702	47.92	124238
11	65013	67860	48.93	132873
12	73958	71782	50.75	145740
13	76793	75364	50.47	152157
14	71845	70469	50.48	142314
15	73278	71555	50.59	144833
16	65655	65470	50.07	131125
17	68663	71507	48.99	140170
18	67401	69642	49.18	137043
19	65148	67538	49.10	132686
20	69389	66579	51.03	135968
21	65619	63811	50.70	129430
22	76486	75501	50.32	151987
23	66088	66074	50.01	132162
24	78098	73362	51.56	151460
25	73584	72080	50.52	145664
26	65929	69000	48.86	134929
27	67252	66342	50.34	133594
28	71311	68456	51.02	139767
29	69251	64952	51.60	134203
30	68893	66900	50.73	135793
31	63381	64425	49.59	127806
32	67771	66934	50.31	134705
33	62117	64355	49.12	126472
34	61851	63869	49.20	125720
35	62118	61418	50.28	123536
36	69217	67816	50.51	137033
37	69243	68486	50.27	137729
38	68363	68108	50.09	136471
39	60893	63134	49.10	124027
40	60158	63816	48.52	123974
41	68442	65955	50.93	134397
42	63783	63018	50.30	126801
43	61511	61645	49.95	123156
44	61442	62055	49.75	123497
45	63466	63532	49.97	126998
46	66522	63926	51.00	130448
47	60109	60659	49.77	120768
48	64734	64217	50.20	128951
49	69902	68916	50.36	138818
50	63551	62773	50.31	126324
51	63857	61417	50.97	125274
52	63674	61622	50.82	125296
53	65057	62440	51.03	127497
54	63366	63322	50.02	126688
55	62034	60401	50.67	122435
56	61822	63015	49.52	124837
57	64872	59371	52.21	124243
58	57047	59472	48.96	116519
59	54880	58174	48.54	113054
60	59565	60822	49.48	120387
61	57246	60367	48.67	117613
62	60334	61091	49.69	121425
63	55947	55739	50.09	111686
64	58772	58185	50.25	116957
65	56122	58867	48.81	114989
66	56913	58047	49.51	114960
67	56141	57024	49.61	113165
68	55466	58416	48.70	113882
69	60028	62875	48.84	122903
70	57797	57598	50.09	115395
71	58956	59601	49.73	118557
72	56291	57384	49.52	113675
73	55995	56732	49.67	112727
74	56101	55761	50.15	111862
75	52750	55615	48.68	108365
76	52876	54449	49.27	107325
77	53617	54370	49.65	107987
78	54565	53643	50.43	108208
79	55095	54699	50.18	109794
80	51800	55410	48.32	107210
81	52416	55908	48.39	108324
82	54390	53412	50.45	107802
83	48598	50794	48.90	99392
84	49249	53440	47.96	102689
85	47632	49439	49.07	97071
86	49102	49015	50.04	98117
87	51285	48419	51.44	99704
88	49723	19634	71.69	69357

CHG context
===========
position	count methylated	count unmethylated	% methylation	coverage
1	73439	556276	11.66	629715
2	70966	488974	12.67	559940
3	77539	506040	13.29	583579
4	76911	491357	13.53	568268
5	78822	518585	13.19	597407
6	78385	553465	12.41	631850
7	79715	545756	12.74	625471
8	81452	503461	13.93	584913
9	84069	576087	12.73	660156
10	78862	511584	13.36	590446
11	80694	501674	13.86	582368
12	85633	552207	13.43	637840
13	85171	532523	13.79	617694
14	84590	533958	13.68	618548
15	83329	527928	13.63	611257
16	78962	504572	13.53	583534
17	81036	490303	14.18	571339
18	80782	497276	13.97	578058
19	79400	504529	13.60	583929
20	79716	489274	14.01	568990
21	80988	503271	13.86	584259
22	81978	498338	14.13	580316
23	84745	504276	14.39	589021
24	79927	500490	13.77	580417
25	80802	503695	13.82	584497
26	80798	518917	13.47	599715
27	78837	499009	13.64	577846
28	82668	519062	13.74	601730
29	85012	537043	13.67	622055
30	82732	505951	14.05	588683
31	80862	535601	13.12	616463
32	80865	510468	13.68	591333
33	86342	550554	13.56	636896
34	78375	511633	13.28	590008
35	79023	491362	13.85	570385
36	81440	492584	14.19	574024
37	79513	509370	13.50	588883
38	79255	513554	13.37	592809
39	87287	509195	14.63	596482
40	81046	476089	14.55	557135
41	82196	496620	14.20	578816
42	85008	520534	14.04	605542
43	84216	490421	14.66	574637
44	79194	483036	14.09	562230
45	84663	486312	14.83	570975
46	78502	476132	14.15	554634
47	80945	495872	14.03	576817
48	78153	474617	14.14	552770
49	76398	495168	13.37	571566
50	78845	484575	13.99	563420
51	75323	474667	13.70	549990
52	78897	485557	13.98	564454
53	76940	474824	13.94	551764
54	77597	468449	14.21	546046
55	76874	462891	14.24	539765
56	74838	474945	13.61	549783
57	81536	507154	13.85	588690
58	78718	474812	14.22	553530
59	78993	463816	14.55	542809
60	77517	457182	14.50	534699
61	79720	472097	14.45	551817
62	77648	464247	14.33	541895
63	83814	487828	14.66	571642
64	75206	449470	14.33	524676
65	76452	443956	14.69	520408
66	79446	453563	14.91	533009
67	76305	445509	14.62	521814
68	76980	453279	14.52	530259
69	75890	443269	14.62	519159
70	75568	442320	14.59	517888
71	80301	450383	15.13	530684
72	71297	437467	14.01	508764
73	70996	432615	14.10	503611
74	70240	444072	13.66	514312
75	71356	453798	13.59	525154
76	74944	440325	14.54	515269
77	70413	432671	14.00	503084
78	71831	425512	14.44	497343
79	71692	427361	14.37	499053
80	70350	447889	13.57	518239
81	68117	453650	13.06	521767
82	72349	441171	14.09	513520
83	69121	444266	13.46	513387
84	67047	412034	13.99	479081
85	68061	398299	14.59	466360
86	65485	402369	14.00	467854
87	57612	376031	13.29	433643
88	38854	165486	19.01	204340

CHH context
===========
position	count methylated	count unmethylated	% methylation	coverage
1	296086	1757276	14.42	2053362
2	290153	1774683	14.05	2064836
3	313054	1751606	15.16	2064660
4	297329	1606878	15.61	1904207
5	296735	1589461	15.73	1886196
6	293111	1573999	15.70	1867110
7	292653	1545597	15.92	1838250
8	306308	1645154	15.70	1951462
9	308280	1608663	16.08	1916943
10	313429	1659579	15.89	1973008
11	302383	1609111	15.82	1911494
12	299448	1580410	15.93	1879858
13	300250	1573649	16.02	1873899
14	299295	1566279	16.04	1865574
15	302336	1607275	15.83	1909611
16	312882	1610410	16.27	1923292
17	306108	1556848	16.43	1862956
18	296428	1578647	15.81	1875075
19	303889	1631138	15.70	1935027
20	303380	1593475	15.99	1896855
21	297314	1544308	16.14	1841622
22	305956	1599943	16.05	1905899
23	305664	1582016	16.19	1887680
24	308545	1628282	15.93	1936827
25	304983	1582323	16.16	1887306
26	304044	1628247	15.73	1932291
27	304473	1635821	15.69	1940294
28	299473	1585920	15.88	1885393
29	309411	1653982	15.76	1963393
30	313821	1621063	16.22	1934884
31	298641	1579979	15.90	1878620
32	296498	1628468	15.40	1924966
33	296418	1608077	15.56	1904495
34	303990	1679082	15.33	1983072
35	303298	1656906	15.47	1960204
36	295902	1639781	15.29	1935683
37	294607	1586334	15.66	1880941
38	295733	1631329	15.35	1927062
39	306379	1651432	15.65	1957811
40	298014	1670464	15.14	1968478
41	294063	1621528	15.35	1915591
42	295776	1623461	15.41	1919237
43	297632	1645050	15.32	1942682
44	298163	1665130	15.19	1963293
45	298571	1586192	15.84	1884763
46	300420	1625821	15.60	1926241
47	295079	1608496	15.50	1903575
48	295997	1621816	15.43	1917813
49	292211	1603495	15.41	1895706
50	290399	1618140	15.22	1908539
51	301315	1661706	15.35	1963021
52	293554	1616564	15.37	1910118
53	297326	1621119	15.50	1918445
54	296402	1611598	15.53	1908000
55	288919	1578260	15.47	1867179
56	291198	1573473	15.62	1864671
57	284382	1558441	15.43	1842823
58	283685	1565325	15.34	1849010
59	287416	1594242	15.27	1881658
60	288488	1575942	15.47	1864430
61	286403	1559096	15.52	1845499
62	283711	1539526	15.56	1823237
63	278986	1526458	15.45	1805444
64	284311	1539511	15.59	1823822
65	278145	1524462	15.43	1802607
66	280294	1532090	15.47	1812384
67	275613	1498665	15.53	1774278
68	272330	1501505	15.35	1773835
69	268025	1482879	15.31	1750904
70	272979	1484746	15.53	1757725
71	276173	1499530	15.55	1775703
72	272746	1495448	15.43	1768194
73	269219	1509590	15.13	1778809
74	267891	1509012	15.08	1776903
75	269437	1532754	14.95	1802191
76	271463	1517556	15.17	1789019
77	269642	1511440	15.14	1781082
78	270192	1489139	15.36	1759331
79	264411	1468210	15.26	1732621
80	264184	1458041	15.34	1722225
81	261640	1455366	15.24	1717006
82	259461	1464597	15.05	1724058
83	261320	1477757	15.03	1739077
84	259659	1465508	15.05	1725167
85	255947	1443258	15.06	1699205
86	248186	1385416	15.19	1633602
87	221977	1288952	14.69	1510929
88	160483	591070	21.35	751553

