CpG context
===========
position	count methylated	count unmethylated	% methylation	coverage
1	14836	18524	44.47	33360
2	15067	18613	44.74	33680
3	15447	18693	45.25	34140
4	15947	19605	44.86	35552
5	16331	19539	45.53	35870
6	17346	19624	46.92	36970
7	15835	18550	46.05	34385
8	17854	20338	46.75	38192
9	18304	21006	46.56	39310
10	14797	19802	42.77	34599
11	17392	19216	47.51	36608
12	19303	21514	47.29	40817
13	20687	21514	49.02	42201
14	19984	19910	50.09	39894
15	18397	20427	47.39	38824
16	17260	18228	48.64	35488
17	17252	18657	48.04	35909
18	17379	19733	46.83	37112
19	16773	19637	46.07	36410
20	17727	18485	48.95	36212
21	17567	19241	47.73	36808
22	19981	20403	49.48	40384
23	17897	18790	48.78	36687
24	20522	19546	51.22	40068
25	19354	19197	50.20	38551
26	17525	19376	47.49	36901
27	17686	19113	48.06	36799
28	18310	19425	48.52	37735
29	18593	19873	48.34	38466
30	16668	18287	47.68	34955
31	16725	17819	48.42	34544
32	18154	19403	48.34	37557
33	17519	18595	48.51	36114
34	17033	17972	48.66	35005
35	15940	17909	47.09	33849
36	17932	19382	48.06	37314
37	17795	19931	47.17	37726
38	18347	19280	48.76	37627
39	17004	18216	48.28	35220
40	16273	18908	46.26	35181
41	19010	18889	50.16	37899
42	16669	17363	48.98	34032
43	15851	18227	46.51	34078
44	17239	18283	48.53	35522
45	16592	17287	48.97	33879
46	16902	18848	47.28	35750
47	15460	16394	48.53	31854
48	17612	18563	48.69	36175
49	17368	19633	46.94	37001
50	16380	17888	47.80	34268
51	16286	16496	49.68	32782
52	17617	17057	50.81	34674
53	17009	17443	49.37	34452
54	16488	17899	47.95	34387
55	17431	16890	50.79	34321
56	15571	17596	46.95	33167
57	17045	17372	49.52	34417
58	15127	15843	48.84	30970
59	14397	15592	48.01	29989
60	15491	17146	47.46	32637
61	15243	16341	48.26	31584
62	14633	15878	47.96	30511
63	14004	15652	47.22	29656
64	14682	15744	48.25	30426
65	14347	16782	46.09	31129
66	14536	16100	47.45	30636
67	13668	15684	46.57	29352
68	14689	15753	48.25	30442
69	15606	15833	49.64	31439
70	16208	16349	49.78	32557
71	14225	15819	47.35	30044
72	13434	15194	46.93	28628
73	13829	15760	46.74	29589
74	14046	15347	47.79	29393
75	13238	15322	46.35	28560
76	13579	15237	47.12	28816
77	14126	16162	46.64	30288
78	13549	14551	48.22	28100
79	13830	14690	48.49	28520
80	13726	14635	48.40	28361
81	12900	15270	45.79	28170
82	12773	13689	48.27	26462
83	12126	13259	47.77	25385
84	12013	14491	45.33	26504
85	11735	12088	49.26	23823
86	12659	12701	49.92	25360
87	11668	11733	49.86	23401
88	11696	4900	70.47	16596

CHG context
===========
position	count methylated	count unmethylated	% methylation	coverage
1	17850	159215	10.08	177065
2	17072	141720	10.75	158792
3	19720	144829	11.98	164549
4	18754	143219	11.58	161973
5	18990	149562	11.27	168552
6	19460	154479	11.19	173939
7	19538	152411	11.36	171949
8	18738	146925	11.31	165663
9	21734	160403	11.93	182137
10	18376	146512	11.14	164888
11	20588	144731	12.45	165319
12	20180	155307	11.50	175487
13	20272	148530	12.01	168802
14	20104	149238	11.87	169342
15	20294	150810	11.86	171104
16	18858	142206	11.71	161064
17	20922	139833	13.01	160755
18	20220	141216	12.53	161436
19	19581	143994	11.97	163575
20	19481	142979	11.99	162460
21	19584	144927	11.90	164511
22	20840	140415	12.92	161255
23	21711	141906	13.27	163617
24	19060	140405	11.95	159465
25	19262	144083	11.79	163345
26	20378	146882	12.18	167260
27	19171	140842	11.98	160013
28	21198	147420	12.57	168618
29	20779	150424	12.14	171203
30	20971	142066	12.86	163037
31	20231	150687	11.84	170918
32	19933	143690	12.18	163623
33	19937	150763	11.68	170700
34	19572	144996	11.89	164568
35	19881	138293	12.57	158174
36	19988	142467	12.30	162455
37	19480	143115	11.98	162595
38	19582	144431	11.94	164013
39	19774	140570	12.33	160344
40	19886	139227	12.50	159113
41	19304	138943	12.20	158247
42	21818	143653	13.19	165471
43	19786	136260	12.68	156046
44	19874	135312	12.81	155186
45	19519	136208	12.53	155727
46	18706	131652	12.44	150358
47	19727	135048	12.75	154775
48	19518	132711	12.82	152229
49	19049	136330	12.26	155379
50	19355	133898	12.63	153253
51	18330	133505	12.07	151835
52	19079	135830	12.32	154909
53	17940	131351	12.02	149291
54	19039	131160	12.68	150199
55	18360	125898	12.73	144258
56	18884	132156	12.50	151040
57	18565	134565	12.12	153130
58	19377	129975	12.97	149352
59	19145	126862	13.11	146007
60	18725	125648	12.97	144373
61	19047	129939	12.78	148986
62	18559	126108	12.83	144667
63	19673	129515	13.19	149188
64	18263	122277	12.99	140540
65	18841	122204	13.36	141045
66	19348	123400	13.55	142748
67	18393	120166	13.27	138559
68	18714	122325	13.27	141039
69	17356	121406	12.51	138762
70	18296	120383	13.19	138679
71	17211	120375	12.51	137586
72	16910	118782	12.46	135692
73	16802	116928	12.56	133730
74	17037	117266	12.69	134303
75	16998	119609	12.44	136607
76	17978	117132	13.31	135110
77	16913	116861	12.64	133774
78	17645	113441	13.46	131086
79	17098	112950	13.15	130048
80	16583	114111	12.69	130694
81	16352	114410	12.51	130762
82	16267	116072	12.29	132339
83	16188	113468	12.49	129656
84	15494	107871	12.56	123365
85	15146	103266	12.79	118412
86	13594	99108	12.06	112702
87	13254	86762	13.25	100016
88	8901	39165	18.52	48066

CHH context
===========
position	count methylated	count unmethylated	% methylation	coverage
1	69067	494080	12.26	563147
2	68253	491713	12.19	559966
3	72890	486852	13.02	559742
4	71812	453687	13.67	525499
5	69814	453033	13.35	522847
6	68739	444988	13.38	513727
7	70774	442242	13.80	513016
8	73094	458952	13.74	532046
9	73237	454903	13.87	528140
10	76413	464627	14.12	541040
11	72249	459649	13.58	531898
12	72152	456947	13.64	529099
13	69768	445562	13.54	515330
14	69850	447978	13.49	517828
15	72497	456823	13.70	529320
16	73443	453918	13.93	527361
17	71019	445623	13.75	516642
18	71043	454153	13.53	525196
19	71361	466534	13.27	537895
20	71551	455704	13.57	527255
21	72585	443240	14.07	515825
22	73346	455548	13.87	528894
23	73490	447685	14.10	521175
24	71883	456645	13.60	528528
25	71921	452453	13.72	524374
26	72802	461109	13.64	533911
27	71480	456858	13.53	528338
28	71195	449927	13.66	521122
29	73125	459588	13.73	532713
30	71023	455858	13.48	526881
31	70700	445644	13.69	516344
32	69797	457045	13.25	526842
33	70312	456239	13.35	526551
34	71874	467097	13.34	538971
35	72120	466182	13.40	538302
36	71543	459520	13.47	531063
37	69677	455939	13.26	525616
38	69978	448389	13.50	518367
39	72269	458162	13.62	530431
40	71388	459375	13.45	530763
41	67318	449789	13.02	517107
42	66792	453335	12.84	520127
43	71330	460743	13.41	532073
44	69798	458651	13.21	528449
45	68665	441923	13.45	510588
46	71045	448251	13.68	519296
47	68782	441668	13.47	510450
48	69843	447740	13.49	517583
49	68528	436253	13.58	504781
50	67575	443604	13.22	511179
51	70588	447476	13.63	518064
52	67548	441957	13.26	509505
53	69787	445992	13.53	515779
54	67805	440845	13.33	508650
55	68339	436658	13.53	504997
56	66407	422120	13.59	488527
57	65729	427460	13.33	493189
58	68360	422247	13.93	490607
59	66803	427189	13.52	493992
60	67392	423732	13.72	491124
61	66456	420639	13.64	487095
62	65613	418940	13.54	484553
63	65330	410690	13.72	476020
64	64815	414715	13.52	479530
65	63358	403020	13.59	466378
66	63240	409823	13.37	473063
67	64573	398921	13.93	463494
68	62895	399442	13.60	462337
69	62456	396022	13.62	458478
70	61060	395655	13.37	456715
71	62119	400499	13.43	462618
72	63169	399407	13.66	462576
73	61415	403562	13.21	464977
74	60842	399330	13.22	460172
75	62189	400963	13.43	463152
76	61333	393189	13.49	454522
77	60755	390447	13.47	451202
78	60215	390808	13.35	451023
79	58358	383644	13.20	442002
80	57892	379445	13.24	437337
81	57857	378170	13.27	436027
82	58078	374608	13.42	432686
83	57670	376627	13.28	434297
84	57396	371215	13.39	428611
85	54855	361887	13.16	416742
86	51321	345926	12.92	397247
87	47803	307559	13.45	355362
88	36054	138735	20.63	174789

