CpG context
===========
position	count methylated	count unmethylated	% methylation	coverage
1	25610	43702	36.95	69312
2	26504	43288	37.98	69792
3	25031	41677	37.52	66708
4	26901	43029	38.47	69930
5	28692	45887	38.47	74579
6	29256	48124	37.81	77380
7	27282	42426	39.14	69708
8	29717	48869	37.81	78586
9	32236	50808	38.82	83044
10	26906	45366	37.23	72272
11	28674	46556	38.12	75230
12	35091	51445	40.55	86536
13	35281	52455	40.21	87736
14	32202	51104	38.66	83306
15	32819	50112	39.57	82931
16	29775	46548	39.01	76323
17	30601	47871	39.00	78472
18	30887	49273	38.53	80160
19	29656	48307	38.04	77963
20	30366	48265	38.62	78631
21	29179	46373	38.62	75552
22	36449	52674	40.90	89123
23	30828	46161	40.04	76989
24	38152	55170	40.88	93322
25	33843	51186	39.80	85029
26	30118	46247	39.44	76365
27	29529	46654	38.76	76183
28	33599	50367	40.02	83966
29	30968	47111	39.66	78079
30	31186	47655	39.56	78841
31	27627	44540	38.28	72167
32	30523	47200	39.27	77723
33	27194	44187	38.10	71381
34	29380	45340	39.32	74720
35	27422	45007	37.86	72429
36	30927	47540	39.41	78467
37	30821	48392	38.91	79213
38	31762	48394	39.63	80156
39	26488	43980	37.59	70468
40	27916	43151	39.28	71067
41	30173	47614	38.79	77787
42	28232	44433	38.85	72665
43	27444	43582	38.64	71026
44	29400	45967	39.01	75367
45	27864	45402	38.03	73266
46	29192	45840	38.91	75032
47	27346	42641	39.07	69987
48	30231	45966	39.67	76197
49	31470	47165	40.02	78635
50	28086	45547	38.14	73633
51	27513	43139	38.94	70652
52	29358	46830	38.53	76188
53	29930	45720	39.56	75650
54	29696	44010	40.29	73706
55	28525	43680	39.51	72205
56	28608	46250	38.22	74858
57	29201	45675	39.00	74876
58	26021	43735	37.30	69756
59	26082	41062	38.84	67144
60	26792	43108	38.33	69900
61	26310	43305	37.79	69615
62	26881	43450	38.22	70331
63	25821	41414	38.40	67235
64	25111	40500	38.27	65611
65	26271	40892	39.12	67163
66	26467	42821	38.20	69288
67	25008	42971	36.79	67979
68	26493	42904	38.18	69397
69	27525	43279	38.87	70804
70	26615	43400	38.01	70015
71	27073	42787	38.75	69860
72	24470	41374	37.16	65844
73	25004	41865	37.39	66869
74	24355	40961	37.29	65316
75	24072	39659	37.77	63731
76	23949	40511	37.15	64460
77	24639	38865	38.80	63504
78	25616	40642	38.66	66258
79	24488	39806	38.09	64294
80	23931	39574	37.68	63505
81	23702	39552	37.47	63254
82	22710	39034	36.78	61744
83	21755	37885	36.48	59640
84	22277	38813	36.47	61090
85	22193	36870	37.58	59063
86	22310	37524	37.29	59834
87	22847	38833	37.04	61680
88	16663	12109	57.91	28772

CHG context
===========
position	count methylated	count unmethylated	% methylation	coverage
1	31179	311956	9.09	343135
2	29878	282360	9.57	312238
3	32003	290066	9.94	322069
4	30838	272115	10.18	302953
5	32449	300103	9.76	332552
6	32749	314901	9.42	347650
7	33736	304865	9.96	338601
8	32594	282637	10.34	315231
9	35258	341368	9.36	376626
10	32240	290660	9.98	322900
11	33732	285873	10.55	319605
12	33887	305139	10.00	339026
13	35661	293852	10.82	329513
14	34333	301097	10.24	335430
15	35456	302904	10.48	338360
16	32652	281870	10.38	314522
17	34050	281383	10.79	315433
18	33869	278631	10.84	312500
19	33136	288008	10.32	321144
20	31821	277735	10.28	309556
21	33050	282639	10.47	315689
22	34577	286736	10.76	321313
23	34275	288679	10.61	322954
24	32647	290966	10.09	323613
25	32991	288380	10.27	321371
26	34408	300774	10.27	335182
27	32616	281253	10.39	313869
28	34994	299650	10.46	334644
29	36136	312369	10.37	348505
30	33962	288866	10.52	322828
31	34711	298721	10.41	333432
32	33761	299217	10.14	332978
33	35744	319829	10.05	355573
34	33455	293994	10.22	327449
35	33674	285370	10.55	319044
36	33400	283292	10.55	316692
37	33146	291938	10.20	325084
38	34664	298738	10.40	333402
39	34974	290734	10.74	325708
40	33237	271535	10.91	304772
41	33470	285410	10.50	318880
42	34049	300916	10.16	334965
43	33623	284310	10.58	317933
44	32335	276215	10.48	308550
45	33233	281184	10.57	314417
46	31622	279282	10.17	310904
47	33582	286382	10.50	319964
48	31728	272292	10.44	304020
49	32317	287363	10.11	319680
50	31946	280569	10.22	312515
51	31978	275104	10.41	307082
52	32380	287042	10.14	319422
53	31945	273374	10.46	305319
54	31209	280666	10.01	311875
55	30869	268712	10.30	299581
56	32488	275805	10.54	308293
57	33451	291335	10.30	324786
58	33284	277090	10.72	310374
59	32515	271278	10.70	303793
60	31557	273958	10.33	305515
61	31815	282052	10.14	313867
62	32203	272064	10.58	304267
63	33136	287758	10.33	320894
64	30811	262088	10.52	292899
65	31147	258947	10.74	290094
66	31218	270463	10.35	301681
67	30906	271663	10.21	302569
68	30556	264304	10.36	294860
69	30035	259178	10.39	289213
70	30174	258991	10.43	289165
71	30483	268171	10.21	298654
72	28624	254588	10.11	283212
73	28987	253505	10.26	282492
74	28831	265073	9.81	293904
75	28584	267672	9.65	296256
76	27965	262547	9.63	290512
77	28180	261828	9.72	290008
78	28466	259250	9.89	287716
79	28175	259668	9.79	287843
80	28289	265102	9.64	293391
81	28765	272637	9.54	301402
82	28543	269653	9.57	298196
83	27564	266069	9.39	293633
84	26581	248692	9.66	275273
85	26495	243170	9.83	269665
86	26312	241553	9.82	267865
87	22942	237208	8.82	260150
88	13954	83957	14.25	97911

CHH context
===========
position	count methylated	count unmethylated	% methylation	coverage
1	121862	959162	11.27	1081024
2	120437	978236	10.96	1098673
3	124238	956030	11.50	1080268
4	118523	880308	11.87	998831
5	119747	857379	12.26	977126
6	119845	853023	12.32	972868
7	120333	852196	12.37	972529
8	124436	901823	12.13	1026259
9	123732	864402	12.52	988134
10	125122	910251	12.08	1035373
11	125146	869806	12.58	994952
12	121811	849582	12.54	971393
13	122754	842155	12.72	964909
14	123937	838327	12.88	962264
15	125383	862126	12.70	987509
16	128905	872876	12.87	1001781
17	124257	831430	13.00	955687
18	122160	841324	12.68	963484
19	126218	871830	12.65	998048
20	124421	854315	12.71	978736
21	123726	834083	12.92	957809
22	127530	856647	12.96	984177
23	126105	844208	13.00	970313
24	124590	878964	12.41	1003554
25	124414	856091	12.69	980505
26	126885	888435	12.50	1015320
27	124703	881994	12.39	1006697
28	123964	854716	12.67	978680
29	125614	894902	12.31	1020516
30	126978	877577	12.64	1004555
31	123071	852696	12.61	975767
32	121982	880341	12.17	1002323
33	121202	874005	12.18	995207
34	124524	916762	11.96	1041286
35	122617	899603	12.00	1022220
36	122399	888248	12.11	1010647
37	120711	859173	12.32	979884
38	121578	880697	12.13	1002275
39	122952	902556	11.99	1025508
40	122702	900865	11.99	1023567
41	119506	880489	11.95	999995
42	119439	884408	11.90	1003847
43	122070	895416	12.00	1017486
44	119842	915260	11.58	1035102
45	120068	872176	12.10	992244
46	124720	892820	12.26	1017540
47	120148	872000	12.11	992148
48	121080	892500	11.95	1013580
49	119380	874365	12.01	993745
50	120168	884625	11.96	1004793
51	122402	915987	11.79	1038389
52	119749	882690	11.95	1002439
53	120794	892278	11.92	1013072
54	119443	882865	11.92	1002308
55	119418	874433	12.02	993851
56	116230	866571	11.83	982801
57	113551	858513	11.68	972064
58	115225	864337	11.76	979562
59	117315	879651	11.77	996966
60	115880	864216	11.82	980096
61	114212	855182	11.78	969394
62	114751	846687	11.94	961438
63	112823	841500	11.82	954323
64	113368	849050	11.78	962418
65	111745	835154	11.80	946899
66	109693	836191	11.60	945884
67	109379	826020	11.69	935399
68	110141	829273	11.72	939414
69	107812	822339	11.59	930151
70	108386	826024	11.60	934410
71	108204	837109	11.45	945313
72	107208	830944	11.43	938152
73	105969	839264	11.21	945233
74	107577	840190	11.35	947767
75	106327	852841	11.09	959168
76	104709	848887	10.98	953596
77	106275	842340	11.20	948615
78	104442	830327	11.17	934769
79	103136	823949	11.12	927085
80	102421	818724	11.12	921145
81	101105	811765	11.08	912870
82	100882	822757	10.92	923639
83	101976	835058	10.88	937034
84	100381	831420	10.77	931801
85	99454	811854	10.91	911308
86	96309	788970	10.88	885279
87	82796	743071	10.03	825867
88	56674	289656	16.36	346330

