CpG context
===========
position	count methylated	count unmethylated	% methylation	coverage
1	25707	24090	51.62	49797
2	24085	24435	49.64	48520
3	25251	24027	51.24	49278
4	25302	24943	50.36	50245
5	26381	25200	51.14	51581
6	29820	27238	52.26	57058
7	26259	24707	51.52	50966
8	29324	25964	53.04	55288
9	30913	26885	53.48	57798
10	26598	24410	52.14	51008
11	26642	25668	50.93	52310
12	31457	27017	53.80	58474
13	33673	28192	54.43	61865
14	31109	27861	52.75	58970
15	33093	27319	54.78	60412
16	28772	24459	54.05	53231
17	30386	27464	52.53	57850
18	29008	26752	52.02	55760
19	29492	26739	52.45	56231
20	29856	26117	53.34	55973
21	27712	24513	53.06	52225
22	33687	27803	54.78	61490
23	28764	26492	52.06	55256
24	33634	26655	55.79	60289
25	32087	27903	53.49	59990
26	29247	26344	52.61	55591
27	27841	25382	52.31	53223
28	29629	25591	53.66	55220
29	30549	25288	54.71	55837
30	28810	25119	53.42	53929
31	26933	25550	51.32	52483
32	28720	24348	54.12	53068
33	26718	24244	52.43	50962
34	26638	24106	52.49	50744
35	25750	24526	51.22	50276
36	28675	25684	52.75	54359
37	30590	26961	53.15	57551
38	29260	26274	52.69	55534
39	25875	23815	52.07	49690
40	26137	23295	52.87	49432
41	29625	26918	52.39	56543
42	28131	23463	54.52	51594
43	25518	22158	53.52	47676
44	27133	24221	52.84	51354
45	27452	24043	53.31	51495
46	27824	24158	53.53	51982
47	25399	23705	51.72	49104
48	28814	25299	53.25	54113
49	30470	26503	53.48	56973
50	26619	23683	52.92	50302
51	26280	22549	53.82	48829
52	26418	23830	52.58	50248
53	28491	22778	55.57	51269
54	26628	24656	51.92	51284
55	26273	22114	54.30	48387
56	26482	24047	52.41	50529
57	27344	23590	53.69	50934
58	24860	21798	53.28	46658
59	24078	21526	52.80	45604
60	25684	23540	52.18	49224
61	24953	20706	54.65	45659
62	26159	23396	52.79	49555
63	24422	21748	52.90	46170
64	25570	22475	53.22	48045
65	25363	21814	53.76	47177
66	24136	21628	52.74	45764
67	23254	21048	52.49	44302
68	24535	22170	52.53	46705
69	25928	22612	53.42	48540
70	24285	23053	51.30	47338
71	25157	22629	52.65	47786
72	23129	22485	50.71	45614
73	24019	20647	53.77	44666
74	22639	20731	52.20	43370
75	22832	21375	51.65	44207
76	21883	21383	50.58	43266
77	22647	21018	51.87	43665
78	22549	21029	51.74	43578
79	23255	21072	52.46	44327
80	22683	21443	51.41	44126
81	23253	21461	52.00	44714
82	20948	20472	50.57	41420
83	19772	20592	48.98	40364
84	20952	17886	53.95	38838
85	18410	18321	50.12	36731
86	20991	19040	52.44	40031
87	19546	18250	51.71	37796
88	19748	7729	71.87	27477

CHG context
===========
position	count methylated	count unmethylated	% methylation	coverage
1	21820	237337	8.42	259157
2	22436	218369	9.32	240805
3	23128	215958	9.67	239086
4	24249	208105	10.44	232354
5	24072	223570	9.72	247642
6	23025	237340	8.84	260365
7	24978	235904	9.57	260882
8	23026	219703	9.49	242729
9	26682	249593	9.66	276275
10	24318	218272	10.02	242590
11	25134	216140	10.42	241274
12	24895	238139	9.46	263034
13	24871	233389	9.63	258260
14	26037	234496	9.99	260533
15	24144	229493	9.52	253637
16	23588	221745	9.61	245333
17	23565	213528	9.94	237093
18	24325	212210	10.28	236535
19	23021	215950	9.63	238971
20	22700	210956	9.72	233656
21	23919	217763	9.90	241682
22	25411	216305	10.51	241716
23	25720	215516	10.66	241236
24	23762	213092	10.03	236854
25	25188	218092	10.35	243280
26	24312	228560	9.61	252872
27	24385	215657	10.16	240042
28	23665	226357	9.47	250022
29	25009	226696	9.94	251705
30	25146	219328	10.29	244474
31	24884	232840	9.66	257724
32	24418	221021	9.95	245439
33	25552	240731	9.60	266283
34	24872	224805	9.96	249677
35	24785	216812	10.26	241597
36	23496	215983	9.81	239479
37	23979	223784	9.68	247763
38	23746	222109	9.66	245855
39	25517	217534	10.50	243051
40	23871	206227	10.37	230098
41	24522	212871	10.33	237393
42	26622	225864	10.54	252486
43	24960	214768	10.41	239728
44	24123	206778	10.45	230901
45	25204	212672	10.60	237876
46	23835	210050	10.19	233885
47	25056	209962	10.66	235018
48	23236	206187	10.13	229423
49	24803	218260	10.20	243063
50	22503	211742	9.61	234245
51	23628	207300	10.23	230928
52	24500	212170	10.35	236670
53	22784	200897	10.19	223681
54	23203	205913	10.13	229116
55	22800	198442	10.31	221242
56	22733	205635	9.95	228368
57	21909	218712	9.11	240621
58	23278	209864	9.98	233142
59	22998	197848	10.41	220846
60	22403	196004	10.26	218407
61	23412	203189	10.33	226601
62	22708	200709	10.16	223417
63	24177	208314	10.40	232491
64	22057	195702	10.13	217759
65	23048	194878	10.58	217926
66	24028	195726	10.93	219754
67	22619	193698	10.46	216317
68	22193	194047	10.26	216240
69	21936	189300	10.38	211236
70	22676	191164	10.60	213840
71	24433	195222	11.12	219655
72	20753	186185	10.03	206938
73	21287	185507	10.29	206794
74	21044	191551	9.90	212595
75	20818	194438	9.67	215256
76	21799	188922	10.34	210721
77	20917	182902	10.26	203819
78	20568	185336	9.99	205904
79	21135	185026	10.25	206161
80	20390	190719	9.66	211109
81	19627	198238	9.01	217865
82	20328	190386	9.65	210714
83	20514	183406	10.06	203920
84	18918	177800	9.62	196718
85	19821	169026	10.50	188847
86	18125	170073	9.63	188198
87	17056	155880	9.86	172936
88	11756	71395	14.14	83151

CHH context
===========
position	count methylated	count unmethylated	% methylation	coverage
1	86417	774696	10.04	861113
2	84750	786535	9.73	871285
3	94192	781112	10.76	875304
4	88870	722525	10.95	811395
5	89025	709213	11.15	798238
6	87499	698015	11.14	785514
7	86544	692745	11.11	779289
8	89713	726603	10.99	816316
9	90936	709262	11.36	800198
10	93632	734789	11.30	828421
11	91810	716300	11.36	808110
12	87637	703092	11.08	790729
13	88297	702206	11.17	790503
14	88450	700029	11.22	788479
15	93345	717361	11.51	810706
16	94578	715176	11.68	809754
17	90124	694359	11.49	784483
18	87028	702899	11.02	789927
19	90827	722164	11.17	812991
20	91395	706419	11.46	797814
21	91167	690492	11.66	781659
22	91785	712654	11.41	804439
23	89655	708720	11.23	798375
24	93032	723740	11.39	816772
25	91902	700247	11.60	792149
26	91372	726551	11.17	817923
27	90498	726949	11.07	817447
28	90922	710153	11.35	801075
29	93673	733686	11.32	827359
30	93500	716293	11.55	809793
31	90218	701298	11.40	791516
32	87495	721867	10.81	809362
33	88894	715801	11.05	804695
34	91528	748307	10.90	839835
35	90351	736069	10.93	826420
36	87678	721378	10.84	809056
37	88504	699904	11.23	788408
38	89590	720211	11.06	809801
39	91360	734578	11.06	825938
40	91001	734992	11.02	825993
41	88635	722488	10.93	811123
42	87425	713141	10.92	800566
43	89677	733640	10.89	823317
44	89202	740037	10.76	829239
45	89234	701983	11.28	791217
46	88737	719171	10.98	807908
47	89849	711094	11.22	800943
48	88251	714879	10.99	803130
49	86655	707699	10.91	794354
50	87480	715645	10.89	803125
51	89898	740702	10.82	830600
52	88790	715166	11.04	803956
53	90215	721398	11.12	811613
54	88262	713200	11.01	801462
55	86048	697882	10.98	783930
56	85243	690386	10.99	775629
57	84170	686035	10.93	770205
58	83500	696023	10.71	779523
59	85273	704898	10.79	790171
60	86097	698891	10.97	784988
61	85849	688415	11.09	774264
62	84201	678340	11.04	762541
63	83317	674724	10.99	758041
64	82621	677094	10.88	759715
65	81714	674654	10.80	756368
66	83295	672630	11.02	755925
67	81706	658598	11.04	740304
68	81266	657761	11.00	739027
69	81299	654919	11.04	736218
70	78095	658594	10.60	736689
71	79502	655478	10.82	734980
72	81187	657087	11.00	738274
73	80349	660219	10.85	740568
74	80896	665015	10.85	745911
75	79898	675865	10.57	755763
76	78244	659886	10.60	738130
77	80255	660514	10.83	740769
78	81254	650935	11.10	732189
79	77306	646292	10.68	723598
80	76672	635554	10.77	712226
81	75002	641055	10.47	716057
82	76550	635761	10.75	712311
83	76751	645523	10.63	722274
84	77661	637636	10.86	715297
85	74284	623554	10.64	697838
86	70849	600533	10.55	671382
87	63818	558572	10.25	622390
88	44190	266801	14.21	310991

