CpG context
===========
position	count methylated	count unmethylated	% methylation	coverage
1	85924	34328	71.45	120252
2	80529	32161	71.46	112690
3	82515	32483	71.75	114998
4	86488	32482	72.70	118970
5	89461	33784	72.59	123245
6	95917	36539	72.41	132456
7	84658	32891	72.02	117549
8	95392	34071	73.68	129463
9	102829	36742	73.68	139571
10	87471	33785	72.14	121256
11	94952	34669	73.25	129621
12	101862	35833	73.98	137695
13	111142	36945	75.05	148087
14	101598	35698	74.00	137296
15	106443	36207	74.62	142650
16	92807	33980	73.20	126787
17	97861	35227	73.53	133088
18	96681	34033	73.96	130714
19	95897	34219	73.70	130116
20	95522	34960	73.21	130482
21	90482	33817	72.79	124299
22	104693	36660	74.06	141353
23	95138	34220	73.55	129358
24	105938	36103	74.58	142041
25	105119	36606	74.17	141725
26	92646	33911	73.20	126557
27	93885	34533	73.11	128418
28	97807	34517	73.91	132324
29	96611	35617	73.06	132228
30	92851	34843	72.71	127694
31	90056	34209	72.47	124265
32	96720	34865	73.50	131585
33	89367	33260	72.88	122627
34	87128	32645	72.74	119773
35	85210	32070	72.66	117280
36	95430	34369	73.52	129799
37	98266	35338	73.55	133604
38	96504	34336	73.76	130840
39	86045	32354	72.67	118399
40	87483	33399	72.37	120882
41	95915	33607	74.05	129522
42	87112	32938	72.56	120050
43	85949	32692	72.44	118641
44	86444	32346	72.77	118790
45	87772	32715	72.85	120487
46	90043	32364	73.56	122407
47	83913	31769	72.54	115682
48	88457	32547	73.10	121004
49	99477	34846	74.06	134323
50	85374	31587	72.99	116961
51	84998	31801	72.77	116799
52	85547	31445	73.12	116992
53	86419	32143	72.89	118562
54	85116	31327	73.10	116443
55	86918	31032	73.69	117950
56	82571	31019	72.69	113590
57	84869	30036	73.86	114905
58	76200	30176	71.63	106376
59	75085	29667	71.68	104752
60	79827	28528	73.67	108355
61	77495	29360	72.52	106855
62	79652	29077	73.26	108729
63	75743	29134	72.22	104877
64	75903	28739	72.54	104642
65	73988	29193	71.71	103181
66	74995	28060	72.77	103055
67	73650	28474	72.12	102124
68	73641	28436	72.14	102077
69	78837	28857	73.20	107694
70	74964	27574	73.11	102538
71	75341	28553	72.52	103894
72	71713	26786	72.81	98499
73	71424	26582	72.88	98006
74	69850	26215	72.71	96065
75	67838	25768	72.47	93606
76	67577	26465	71.86	94042
77	67891	25760	72.49	93651
78	67349	25781	72.32	93130
79	67947	24889	73.19	92836
80	65706	25045	72.40	90751
81	67103	25456	72.50	92559
82	63841	24737	72.07	88578
83	60100	23496	71.89	83596
84	59984	23500	71.85	83484
85	56730	22166	71.90	78896
86	58882	22637	72.23	81519
87	59800	21895	73.20	81695
88	59933	10291	85.35	70224

CHG context
===========
position	count methylated	count unmethylated	% methylation	coverage
1	6436	608910	1.05	615346
2	6225	543929	1.13	550154
3	6764	555042	1.20	561806
4	6816	547224	1.23	554040
5	6752	579192	1.15	585944
6	6099	605348	1.00	611447
7	6697	605785	1.09	612482
8	6407	561707	1.13	568114
9	6921	630199	1.09	637120
10	6094	565299	1.07	571393
11	6031	563557	1.06	569588
12	6583	616118	1.06	622701
13	6656	588909	1.12	595565
14	7004	580423	1.19	587427
15	6682	580947	1.14	587629
16	6557	553261	1.17	559818
17	6146	542784	1.12	548930
18	5930	554943	1.06	560873
19	6746	558497	1.19	565243
20	6028	545819	1.09	551847
21	6151	557335	1.09	563486
22	6531	553984	1.17	560515
23	6752	552598	1.21	559350
24	6434	555367	1.15	561801
25	7147	562473	1.25	569620
26	6657	588751	1.12	595408
27	6310	550830	1.13	557140
28	6695	571099	1.16	577794
29	6124	584889	1.04	591013
30	6340	562601	1.11	568941
31	6234	593875	1.04	600109
32	6345	561912	1.12	568257
33	6651	612841	1.07	619492
34	6527	573926	1.12	580453
35	6038	553307	1.08	559345
36	6275	548434	1.13	554709
37	7316	566948	1.27	574264
38	6253	570839	1.08	577092
39	6411	565331	1.12	571742
40	5940	542905	1.08	548845
41	6450	549072	1.16	555522
42	6255	591782	1.05	598037
43	5931	547359	1.07	553290
44	6261	539493	1.15	545754
45	8121	543778	1.47	551899
46	6209	530249	1.16	536458
47	6347	545559	1.15	551906
48	6117	529133	1.14	535250
49	6128	550369	1.10	556497
50	6108	535075	1.13	541183
51	5920	525477	1.11	531397
52	6054	535075	1.12	541129
53	6034	519343	1.15	525377
54	6065	519422	1.15	525487
55	6182	505495	1.21	511677
56	6053	512624	1.17	518677
57	6171	545746	1.12	551917
58	6079	514198	1.17	520277
59	6036	505537	1.18	511573
60	6120	502702	1.20	508822
61	5875	511166	1.14	517041
62	5841	501486	1.15	507327
63	6383	529243	1.19	535626
64	6093	480919	1.25	487012
65	5977	477310	1.24	483287
66	6023	492157	1.21	498180
67	6045	474629	1.26	480674
68	5479	477479	1.13	482958
69	5373	466043	1.14	471416
70	5711	462251	1.22	467962
71	5807	478950	1.20	484757
72	6617	448999	1.45	455616
73	5328	449727	1.17	455055
74	5782	459542	1.24	465324
75	5462	469727	1.15	475189
76	5344	448139	1.18	453483
77	5516	437722	1.24	443238
78	5415	432886	1.24	438301
79	5452	436215	1.23	441667
80	5120	445831	1.14	450951
81	5626	455479	1.22	461105
82	6105	442430	1.36	448535
83	5565	434877	1.26	440442
84	5730	402679	1.40	408409
85	5437	390922	1.37	396359
86	5309	383849	1.36	389158
87	4742	370567	1.26	375309
88	3587	178832	1.97	182419

CHH context
===========
position	count methylated	count unmethylated	% methylation	coverage
1	27723	1890245	1.45	1917968
2	25806	1915319	1.33	1941125
3	27412	1930423	1.40	1957835
4	27747	1796649	1.52	1824396
5	26423	1747164	1.49	1773587
6	25556	1729738	1.46	1755294
7	25478	1698055	1.48	1723533
8	25924	1818672	1.41	1844596
9	24835	1800612	1.36	1825447
10	25377	1861254	1.35	1886631
11	25683	1793810	1.41	1819493
12	24442	1758921	1.37	1783363
13	25498	1762976	1.43	1788474
14	24966	1754525	1.40	1779491
15	25750	1823665	1.39	1849415
16	25271	1823664	1.37	1848935
17	24707	1782996	1.37	1807703
18	25332	1801591	1.39	1826923
19	26984	1848826	1.44	1875810
20	25499	1807524	1.39	1833023
21	25405	1765988	1.42	1791393
22	25690	1820993	1.39	1846683
23	25775	1798509	1.41	1824284
24	25116	1827352	1.36	1852468
25	26871	1783235	1.48	1810106
26	24607	1838465	1.32	1863072
27	24469	1857393	1.30	1881862
28	24223	1796085	1.33	1820308
29	24089	1872109	1.27	1896198
30	24420	1837869	1.31	1862289
31	24520	1787515	1.35	1812035
32	23840	1843024	1.28	1866864
33	23215	1814800	1.26	1838015
34	24729	1903125	1.28	1927854
35	24440	1878278	1.28	1902718
36	24162	1834486	1.30	1858648
37	25851	1775216	1.44	1801067
38	23275	1816974	1.26	1840249
39	23634	1852966	1.26	1876600
40	24176	1851197	1.29	1875373
41	23242	1812842	1.27	1836084
42	23881	1799526	1.31	1823407
43	23368	1828878	1.26	1852246
44	23444	1854977	1.25	1878421
45	28847	1755481	1.62	1784328
46	23123	1806693	1.26	1829816
47	23407	1759537	1.31	1782944
48	23397	1773477	1.30	1796874
49	23316	1764446	1.30	1787762
50	23524	1775600	1.31	1799124
51	23781	1830658	1.28	1854439
52	23580	1763323	1.32	1786903
53	23385	1772365	1.30	1795750
54	22712	1746602	1.28	1769314
55	23617	1704659	1.37	1728276
56	22595	1684494	1.32	1707089
57	22477	1685797	1.32	1708274
58	21968	1687461	1.29	1709429
59	22539	1701870	1.31	1724409
60	21586	1680226	1.27	1701812
61	21726	1654114	1.30	1675840
62	21906	1624697	1.33	1646603
63	21743	1619556	1.32	1641299
64	21697	1616876	1.32	1638573
65	21120	1597546	1.30	1618666
66	21373	1587459	1.33	1608832
67	23064	1557829	1.46	1580893
68	20801	1533971	1.34	1554772
69	20632	1526821	1.33	1547453
70	19839	1524004	1.29	1543843
71	20228	1532961	1.30	1553189
72	24257	1514071	1.58	1538328
73	19930	1514661	1.30	1534591
74	20005	1512126	1.31	1532131
75	20109	1534144	1.29	1554253
76	19402	1512580	1.27	1531982
77	19692	1500805	1.30	1520497
78	19886	1465928	1.34	1485814
79	19050	1438839	1.31	1457889
80	19775	1412025	1.38	1431800
81	19457	1399870	1.37	1419327
82	21009	1399645	1.48	1420654
83	19332	1412001	1.35	1431333
84	20079	1404073	1.41	1424152
85	20473	1366864	1.48	1387337
86	19226	1310132	1.45	1329358
87	16840	1225610	1.36	1242450
88	13187	614241	2.10	627428

