CpG context
===========
position	count methylated	count unmethylated	% methylation	coverage
1	25137	42920	36.94	68057
2	25750	42766	37.58	68516
3	24545	41209	37.33	65754
4	26745	42036	38.88	68781
5	28282	45288	38.44	73570
6	28856	47414	37.83	76270
7	26970	42552	38.79	69522
8	29365	47541	38.18	76906
9	31676	50020	38.77	81696
10	26503	44481	37.34	70984
11	28410	46282	38.04	74692
12	34243	51155	40.10	85398
13	34692	51622	40.19	86314
14	31764	50865	38.44	82629
15	32651	49288	39.85	81939
16	29376	45631	39.16	75007
17	30443	47759	38.93	78202
18	30512	48429	38.65	78941
19	29078	47506	37.97	76584
20	29904	47817	38.48	77721
21	28786	45487	38.76	74273
22	35572	51582	40.82	87154
23	30352	45180	40.18	75532
24	37866	54436	41.02	92302
25	33896	50241	40.29	84137
26	29755	45514	39.53	75269
27	29104	46173	38.66	75277
28	33293	49374	40.27	82667
29	30795	46178	40.01	76973
30	30539	47151	39.31	77690
31	27003	43914	38.08	70917
32	29784	46531	39.03	76315
33	27186	43640	38.38	70826
34	28761	44851	39.07	73612
35	27073	44031	38.08	71104
36	30275	47093	39.13	77368
37	30238	47705	38.80	77943
38	31454	47303	39.94	78757
39	26230	43162	37.80	69392
40	27454	42611	39.18	70065
41	29661	47061	38.66	76722
42	27765	43843	38.77	71608
43	26557	43340	37.99	69897
44	28026	44978	38.39	73004
45	27840	44944	38.25	72784
46	28791	45211	38.91	74002
47	26564	41791	38.86	68355
48	29282	44692	39.58	73974
49	31010	46258	40.13	77268
50	27005	44539	37.75	71544
51	27042	42834	38.70	69876
52	29207	46275	38.69	75482
53	29034	44786	39.33	73820
54	28460	42938	39.86	71398
55	27708	43392	38.97	71100
56	28198	45871	38.07	74069
57	28482	44589	38.98	73071
58	25589	43170	37.22	68759
59	26080	40710	39.05	66790
60	26154	42924	37.86	69078
61	25842	42374	37.88	68216
62	26301	42708	38.11	69009
63	25243	40986	38.11	66229
64	25225	39716	38.84	64941
65	25684	40499	38.81	66183
66	25768	42125	37.95	67893
67	24603	42222	36.82	66825
68	26489	42283	38.52	68772
69	26819	42227	38.84	69046
70	25814	42621	37.72	68435
71	26605	42801	38.33	69406
72	23970	40972	36.91	64942
73	24262	41543	36.87	65805
74	23820	40531	37.02	64351
75	23536	38712	37.81	62248
76	23085	39757	36.73	62842
77	24166	38075	38.83	62241
78	24763	40080	38.19	64843
79	24089	39185	38.07	63274
80	23370	38616	37.70	61986
81	23289	38892	37.45	62181
82	22240	38085	36.87	60325
83	21627	37174	36.78	58801
84	22248	38350	36.71	60598
85	21989	36379	37.67	58368
86	22066	36775	37.50	58841
87	22722	37593	37.67	60315
88	16107	11917	57.48	28024

CHG context
===========
position	count methylated	count unmethylated	% methylation	coverage
1	30325	307940	8.96	338265
2	28805	279344	9.35	308149
3	31466	285652	9.92	317118
4	30095	268222	10.09	298317
5	32086	295590	9.79	327676
6	32371	309572	9.47	341943
7	33237	300802	9.95	334039
8	31849	278922	10.25	310771
9	34680	336849	9.33	371529
10	31761	287380	9.95	319141
11	32998	281066	10.51	314064
12	33694	300202	10.09	333896
13	34995	289337	10.79	324332
14	33666	296067	10.21	329733
15	34542	299609	10.34	334151
16	31670	278163	10.22	309833
17	33760	277418	10.85	311178
18	33364	275561	10.80	308925
19	32490	283991	10.27	316481
20	31358	273180	10.30	304538
21	32611	278260	10.49	310871
22	33713	281409	10.70	315122
23	33914	283799	10.67	317713
24	32397	286110	10.17	318507
25	32158	284235	10.16	316393
26	33856	296376	10.25	330232
27	31939	276679	10.35	308618
28	34159	295932	10.35	330091
29	34910	308820	10.16	343730
30	32915	284204	10.38	317119
31	33988	293715	10.37	327703
32	33376	294981	10.16	328357
33	34973	315615	9.98	350588
34	32883	289370	10.20	322253
35	32850	279975	10.50	312825
36	32783	280591	10.46	313374
37	32641	288012	10.18	320653
38	33877	294652	10.31	328529
39	34400	285866	10.74	320266
40	32497	268002	10.81	300499
41	32697	281326	10.41	314023
42	33489	295462	10.18	328951
43	32996	280753	10.52	313749
44	32185	272556	10.56	304741
45	32379	276195	10.49	308574
46	31147	275814	10.15	306961
47	33005	281791	10.48	314796
48	31295	267947	10.46	299242
49	31360	281997	10.01	313357
50	31235	275530	10.18	306765
51	31169	271515	10.30	302684
52	31504	282250	10.04	313754
53	31255	270833	10.35	302088
54	30821	276352	10.03	307173
55	31065	262434	10.58	293499
56	31698	271371	10.46	303069
57	32781	286957	10.25	319738
58	32670	273116	10.68	305786
59	32078	267343	10.71	299421
60	30600	268026	10.25	298626
61	30997	277127	10.06	308124
62	31771	268310	10.59	300081
63	32615	284306	10.29	316921
64	29858	257494	10.39	287352
65	30343	255608	10.61	285951
66	30595	266189	10.31	296784
67	29942	266796	10.09	296738
68	30120	260226	10.37	290346
69	29227	254945	10.28	284172
70	29005	255391	10.20	284396
71	30596	264538	10.37	295134
72	28036	250257	10.07	278293
73	28448	249678	10.23	278126
74	28154	260683	9.75	288837
75	27692	263116	9.52	290808
76	27527	258986	9.61	286513
77	27577	257737	9.67	285314
78	28099	255599	9.90	283698
79	27413	255651	9.68	283064
80	27604	261192	9.56	288796
81	28092	268415	9.47	296507
82	27956	265291	9.53	293247
83	27407	262897	9.44	290304
84	26205	244459	9.68	270664
85	25821	239836	9.72	265657
86	25879	237153	9.84	263032
87	22336	232986	8.75	255322
88	13514	81612	14.21	95126

CHH context
===========
position	count methylated	count unmethylated	% methylation	coverage
1	119168	946533	11.18	1065701
2	117159	965123	10.83	1082282
3	121727	943990	11.42	1065717
4	116747	869504	11.84	986251
5	116918	843859	12.17	960777
6	117116	839030	12.25	956146
7	117381	838807	12.28	956188
8	121506	886921	12.05	1008427
9	121273	851297	12.47	972570
10	123269	897635	12.07	1020904
11	122316	856475	12.50	978791
12	120036	838604	12.52	958640
13	119442	830003	12.58	949445
14	121446	826491	12.81	947937
15	121843	850576	12.53	972419
16	126302	861193	12.79	987495
17	122166	820848	12.95	943014
18	120251	831254	12.64	951505
19	124158	860452	12.61	984610
20	121930	843762	12.63	965692
21	122103	823320	12.92	945423
22	125891	845018	12.97	970909
23	123337	830821	12.93	954158
24	122047	866139	12.35	988186
25	122437	843239	12.68	965676
26	124254	875069	12.43	999323
27	122767	868664	12.38	991431
28	121408	843038	12.59	964446
29	123212	883054	12.24	1006266
30	124610	865538	12.58	990148
31	120555	841336	12.53	961891
32	119264	867136	12.09	986400
33	118446	861630	12.09	980076
34	121790	901849	11.90	1023639
35	120211	885192	11.96	1005403
36	120192	873954	12.09	994146
37	118190	847779	12.24	965969
38	119737	868729	12.11	988466
39	120860	891153	11.94	1012013
40	120525	887844	11.95	1008369
41	117034	867784	11.88	984818
42	116997	872602	11.82	989599
43	119675	880786	11.96	1000461
44	117186	902090	11.50	1019276
45	117303	860091	12.00	977394
46	121596	881918	12.12	1003514
47	117886	862132	12.03	980018
48	117911	879334	11.82	997245
49	116587	862968	11.90	979555
50	117054	870999	11.85	988053
51	119688	903278	11.70	1022966
52	116434	870015	11.80	986449
53	117829	879288	11.82	997117
54	117656	872135	11.89	989791
55	117183	859812	11.99	976995
56	114122	854374	11.78	968496
57	111693	846841	11.65	958534
58	112383	852366	11.65	964749
59	115149	864482	11.75	979631
60	113419	850956	11.76	964375
61	112541	842672	11.78	955213
62	112776	834480	11.91	947256
63	110233	828869	11.74	939102
64	110929	835641	11.72	946570
65	109885	822873	11.78	932758
66	107499	823156	11.55	930655
67	107162	813390	11.64	920552
68	108525	814532	11.76	923057
69	104995	809975	11.48	914970
70	106374	812109	11.58	918483
71	105611	826694	11.33	932305
72	104829	819610	11.34	924439
73	103621	827994	11.12	931615
74	105481	831447	11.26	936928
75	104512	844423	11.01	948935
76	103536	838928	10.99	942464
77	104158	831713	11.13	935871
78	102091	818311	11.09	920402
79	100662	812352	11.03	913014
80	100073	808839	11.01	908912
81	99069	801783	11.00	900852
82	98473	810526	10.83	908999
83	99145	823822	10.74	922967
84	98016	818673	10.69	916689
85	97276	799940	10.84	897216
86	93935	777376	10.78	871311
87	81225	731046	10.00	812271
88	55318	282710	16.36	338028

