CpG context
===========
position	count methylated	count unmethylated	% methylation	coverage
1	62328	64019	49.33	126347
2	63192	61899	50.52	125091
3	61333	59287	50.85	120620
4	64794	62296	50.98	127090
5	67721	63369	51.66	131090
6	73578	68082	51.94	141660
7	68195	63033	51.97	131228
8	72384	67793	51.64	140177
9	78314	70356	52.68	148670
10	67027	63868	51.21	130895
11	71721	66810	51.77	138531
12	83969	71809	53.90	155778
13	86139	72097	54.44	158236
14	79778	69247	53.53	149025
15	78507	67102	53.92	145609
16	70065	66816	51.19	136881
17	73678	68443	51.84	142121
18	75860	69522	52.18	145382
19	73627	66057	52.71	139684
20	75068	67590	52.62	142658
21	73052	64142	53.25	137194
22	87030	70169	55.36	157199
23	71065	63134	52.95	134199
24	89449	73155	55.01	162604
25	78686	69440	53.12	148126
26	72954	65417	52.72	138371
27	72659	66024	52.39	138683
28	80978	68943	54.01	149921
29	74671	64211	53.77	138882
30	71757	65695	52.21	137452
31	68584	62760	52.22	131344
32	76864	65087	54.15	141951
33	66316	62033	51.67	128349
34	70220	63107	52.67	133327
35	66642	59988	52.63	126630
36	73123	62072	54.09	135195
37	75965	64359	54.14	140324
38	74189	64900	53.34	139089
39	65820	62885	51.14	128705
40	65490	61307	51.65	126797
41	75079	66021	53.21	141100
42	67901	62589	52.04	130490
43	66238	62322	51.52	128560
44	70350	62004	53.15	132354
45	67223	59299	53.13	126522
46	69827	61114	53.33	130941
47	59562	58699	50.36	118261
48	69181	62711	52.45	131892
49	74687	65230	53.38	139917
50	66611	62218	51.70	128829
51	68007	57605	54.14	125612
52	68726	59580	53.56	128306
53	70649	60259	53.97	130908
54	67360	59704	53.01	127064
55	66432	59903	52.58	126335
56	66278	61102	52.03	127380
57	69197	61966	52.76	131163
58	63631	57877	52.37	121508
59	59475	56702	51.19	116177
60	63816	58811	52.04	122627
61	60165	57146	51.29	117311
62	62774	59009	51.55	121783
63	60963	56133	52.06	117096
64	61909	57888	51.68	119797
65	61384	54434	53.00	115818
66	63107	56722	52.66	119829
67	59046	54132	52.17	113178
68	59577	55721	51.67	115298
69	65707	57763	53.22	123470
70	60870	56414	51.90	117284
71	62189	56369	52.45	118558
72	57834	52780	52.28	110614
73	60328	61981	49.32	122309
74	56644	53005	51.66	109649
75	56983	55555	50.63	112538
76	57010	52506	52.06	109516
77	56736	60409	48.43	117145
78	56774	53460	51.50	110234
79	56928	52990	51.79	109918
80	55417	52392	51.40	107809
81	56661	53284	51.54	109945
82	52924	50595	51.12	103519
83	53903	50413	51.67	104316
84	52758	51162	50.77	103920
85	50792	47080	51.90	97872
86	52836	48272	52.26	101108
87	53153	47487	52.81	100640
88	51529	20230	71.81	71759

CHG context
===========
position	count methylated	count unmethylated	% methylation	coverage
1	13020	633520	2.01	646540
2	11583	562624	2.02	574207
3	13756	589002	2.28	602758
4	12819	561795	2.23	574614
5	13191	600743	2.15	613934
6	13234	624988	2.07	638222
7	13576	632869	2.10	646445
8	13900	567781	2.39	581681
9	13787	685756	1.97	699543
10	13550	585698	2.26	599248
11	13216	589137	2.19	602353
12	14209	617917	2.25	632126
13	13907	603948	2.25	617855
14	14744	598931	2.40	613675
15	13582	610125	2.18	623707
16	13596	566371	2.34	579967
17	13395	566989	2.31	580384
18	12935	567735	2.23	580670
19	13551	567330	2.33	580881
20	13134	559945	2.29	573079
21	13474	568890	2.31	582364
22	12607	585210	2.11	597817
23	14783	569746	2.53	584529
24	13689	571916	2.34	585605
25	13753	587376	2.29	601129
26	13675	592830	2.25	606505
27	13784	558942	2.41	572726
28	14392	602058	2.33	616450
29	14223	630591	2.21	644814
30	13022	569883	2.23	582905
31	13429	597410	2.20	610839
32	13602	586551	2.27	600153
33	14325	619573	2.26	633898
34	14028	589269	2.33	603297
35	14081	560321	2.45	574402
36	13735	553918	2.42	567653
37	13959	572376	2.38	586335
38	13569	579664	2.29	593233
39	13599	576767	2.30	590366
40	13227	548403	2.36	561630
41	13456	562737	2.34	576193
42	13492	587012	2.25	600504
43	12692	559811	2.22	572503
44	12490	545381	2.24	557871
45	15019	552763	2.65	567782
46	13670	536881	2.48	550551
47	12866	547741	2.30	560607
48	13245	537293	2.41	550538
49	13132	563592	2.28	576724
50	13166	548557	2.34	561723
51	11809	533168	2.17	544977
52	13435	547499	2.40	560934
53	12669	535155	2.31	547824
54	13313	532748	2.44	546061
55	13640	518782	2.56	532422
56	12848	537155	2.34	550003
57	13926	558727	2.43	572653
58	12825	544555	2.30	557380
59	12069	527722	2.24	539791
60	13032	517846	2.45	530878
61	13674	541099	2.46	554773
62	12347	531037	2.27	543384
63	12059	561176	2.10	573235
64	12590	509258	2.41	521848
65	11375	506645	2.20	518020
66	12958	517803	2.44	530761
67	13276	502622	2.57	515898
68	11782	507269	2.27	519051
69	11416	490445	2.27	501861
70	12673	499654	2.47	512327
71	11332	513480	2.16	524812
72	12391	489367	2.47	501758
73	11042	488698	2.21	499740
74	11331	507948	2.18	519279
75	11456	511868	2.19	523324
76	11598	496485	2.28	508083
77	10728	500241	2.10	510969
78	11081	495626	2.19	506707
79	10933	485383	2.20	496316
80	11524	504880	2.23	516404
81	11203	510363	2.15	521566
82	12312	500419	2.40	512731
83	11073	505830	2.14	516903
84	10503	468759	2.19	479262
85	11641	452382	2.51	464023
86	10965	445034	2.40	455999
87	9793	434731	2.20	444524
88	6148	201602	2.96	207750

CHH context
===========
position	count methylated	count unmethylated	% methylation	coverage
1	56051	1960541	2.78	2016592
2	54287	1991096	2.65	2045383
3	54863	1944295	2.74	1999158
4	54666	1817460	2.92	1872126
5	53696	1746745	2.98	1800441
6	53498	1738171	2.99	1791669
7	53184	1732563	2.98	1785747
8	54422	1822205	2.90	1876627
9	53329	1783198	2.90	1836527
10	54033	1870688	2.81	1924721
11	52229	1796958	2.82	1849187
12	52386	1759125	2.89	1811511
13	52498	1740744	2.93	1793242
14	51758	1755713	2.86	1807471
15	54064	1797070	2.92	1851134
16	54295	1814340	2.91	1868635
17	52487	1736874	2.93	1789361
18	51257	1756563	2.84	1807820
19	60513	1796745	3.26	1857258
20	54792	1766515	3.01	1821307
21	54021	1723472	3.04	1777493
22	53733	1772763	2.94	1826496
23	53837	1752139	2.98	1805976
24	53703	1815750	2.87	1869453
25	55404	1763886	3.05	1819290
26	53290	1823526	2.84	1876816
27	51909	1836052	2.75	1887961
28	51773	1760447	2.86	1812220
29	52680	1845838	2.77	1898518
30	52114	1817523	2.79	1869637
31	51041	1765082	2.81	1816123
32	52306	1813494	2.80	1865800
33	50890	1794341	2.76	1845231
34	52029	1873861	2.70	1925890
35	50647	1846910	2.67	1897557
36	50945	1824561	2.72	1875506
37	52117	1773376	2.85	1825493
38	50074	1804254	2.70	1854328
39	52644	1843327	2.78	1895971
40	50661	1859137	2.65	1909798
41	52328	1808997	2.81	1861325
42	49987	1816015	2.68	1866002
43	55818	1824136	2.97	1879954
44	51428	1862641	2.69	1914069
45	57985	1767942	3.18	1825927
46	52174	1818189	2.79	1870363
47	51581	1787980	2.80	1839561
48	50919	1824051	2.72	1874970
49	49728	1787210	2.71	1836938
50	48796	1805808	2.63	1854604
51	50602	1856468	2.65	1907070
52	49621	1800876	2.68	1850497
53	49741	1827003	2.65	1876744
54	48867	1795287	2.65	1844154
55	47577	1751953	2.64	1799530
56	49087	1758460	2.72	1807547
57	47795	1733896	2.68	1781691
58	49303	1743471	2.75	1792774
59	49313	1772738	2.71	1822051
60	46483	1745881	2.59	1792364
61	48260	1730855	2.71	1779115
62	48343	1696722	2.77	1745065
63	48335	1690292	2.78	1738627
64	46725	1717051	2.65	1763776
65	45412	1709612	2.59	1755024
66	46008	1712712	2.62	1758720
67	47724	1668482	2.78	1716206
68	44760	1661721	2.62	1706481
69	46191	1656991	2.71	1703182
70	44510	1679577	2.58	1724087
71	44407	1676290	2.58	1720697
72	47311	1651736	2.78	1699047
73	44742	1680881	2.59	1725623
74	43374	1669829	2.53	1713203
75	43811	1701196	2.51	1745007
76	44041	1673590	2.56	1717631
77	45053	1697560	2.59	1742613
78	43492	1673871	2.53	1717363
79	41974	1637361	2.50	1679335
80	42836	1627905	2.56	1670741
81	42406	1603094	2.58	1645500
82	43817	1620293	2.63	1664110
83	42093	1636822	2.51	1678915
84	41014	1639815	2.44	1680829
85	41597	1607260	2.52	1648857
86	39176	1541116	2.48	1580292
87	36183	1454296	2.43	1490479
88	28014	668404	4.02	696418

