CpG context
===========
position	count methylated	count unmethylated	% methylation	coverage
1	16658	32415	33.95	49073
2	15905	31374	33.64	47279
3	16441	31582	34.24	48023
4	18340	31450	36.83	49790
5	18898	32796	36.56	51694
6	19528	34834	35.92	54362
7	17824	31530	36.11	49354
8	20084	34060	37.09	54144
9	19876	34261	36.71	54137
10	17487	32008	35.33	49495
11	18625	32692	36.29	51317
12	21047	35063	37.51	56110
13	22996	36427	38.70	59423
14	20215	34517	36.93	54732
15	21719	35688	37.83	57407
16	18425	32292	36.33	50717
17	19387	33480	36.67	52867
18	18260	33654	35.17	51914
19	18669	34698	34.98	53367
20	19297	34221	36.06	53518
21	19519	33338	36.93	52857
22	21798	37237	36.92	59035
23	19589	33124	37.16	52713
24	22253	35545	38.50	57798
25	21597	35466	37.85	57063
26	19027	32838	36.69	51865
27	18911	32819	36.56	51730
28	20492	34675	37.15	55167
29	19473	32729	37.30	52202
30	18360	31672	36.70	50032
31	17183	31778	35.10	48961
32	19233	32685	37.04	51918
33	17851	31281	36.33	49132
34	18737	31737	37.12	50474
35	17644	31528	35.88	49172
36	18754	33899	35.62	52653
37	19596	32819	37.39	52415
38	19628	33205	37.15	52833
39	17393	31081	35.88	48474
40	17393	30966	35.97	48359
41	20482	33107	38.22	53589
42	18605	32400	36.48	51005
43	18173	31894	36.30	50067
44	18896	31810	37.27	50706
45	19153	32773	36.89	51926
46	18646	32320	36.59	50966
47	17978	30375	37.18	48353
48	18184	31814	36.37	49998
49	19736	32924	37.48	52660
50	16934	32344	34.36	49278
51	17957	31056	36.64	49013
52	18578	31136	37.37	49714
53	19494	31755	38.04	51249
54	18128	31301	36.67	49429
55	17809	29962	37.28	47771
56	17615	31449	35.90	49064
57	18263	30942	37.12	49205
58	16199	28354	36.36	44553
59	16040	28679	35.87	44719
60	16946	29854	36.21	46800
61	16435	29483	35.79	45918
62	17210	29670	36.71	46880
63	16945	28529	37.26	45474
64	16048	29581	35.17	45629
65	16660	29994	35.71	46654
66	16753	30448	35.49	47201
67	15456	28568	35.11	44024
68	16104	28021	36.50	44125
69	17809	29031	38.02	46840
70	15974	28295	36.08	44269
71	17132	28499	37.54	45631
72	15495	26995	36.47	42490
73	15000	28421	34.55	43421
74	15556	27978	35.73	43534
75	15291	27614	35.64	42905
76	15479	27576	35.95	43055
77	15512	27786	35.83	43298
78	15585	27504	36.17	43089
79	14872	27782	34.87	42654
80	14872	27225	35.33	42097
81	14321	27758	34.03	42079
82	14826	25498	36.77	40324
83	13439	24879	35.07	38318
84	13933	25740	35.12	39673
85	13009	25764	33.55	38773
86	12739	24519	34.19	37258
87	13406	23721	36.11	37127
88	6927	9469	42.25	16396

CHG context
===========
position	count methylated	count unmethylated	% methylation	coverage
1	23638	217931	9.79	241569
2	21587	194153	10.01	215740
3	24431	203807	10.70	228238
4	23249	194629	10.67	217878
5	24102	207874	10.39	231976
6	25402	213230	10.64	238632
7	25016	218137	10.29	243153
8	25801	198183	11.52	223984
9	27203	225563	10.76	252766
10	25020	199230	11.16	224250
11	26033	199548	11.54	225581
12	27138	216941	11.12	244079
13	26329	206379	11.31	232708
14	26793	207107	11.45	233900
15	26342	205718	11.35	232060
16	24212	197984	10.90	222196
17	26832	192350	12.24	219182
18	24761	197140	11.16	221901
19	24716	198891	11.05	223607
20	24341	195559	11.07	219900
21	24985	203283	10.95	228268
22	25315	196572	11.41	221887
23	27164	197733	12.08	224897
24	25073	197436	11.27	222509
25	25205	201779	11.10	226984
26	25900	204614	11.24	230514
27	25254	196961	11.36	222215
28	26384	209181	11.20	235565
29	27171	209448	11.48	236619
30	25242	201079	11.15	226321
31	25542	208390	10.92	233932
32	25994	201057	11.45	227051
33	27941	212611	11.62	240552
34	25074	203056	10.99	228130
35	25611	196557	11.53	222168
36	24697	196051	11.19	220748
37	25807	207628	11.06	233435
38	25782	203822	11.23	229604
39	26976	197641	12.01	224617
40	25087	192690	11.52	217777
41	25057	195470	11.36	220527
42	25932	201837	11.39	227769
43	25867	195229	11.70	221096
44	24699	194575	11.26	219274
45	24719	193430	11.33	218149
46	24382	189957	11.38	214339
47	23885	194898	10.92	218783
48	24069	185932	11.46	210001
49	23772	195163	10.86	218935
50	24176	192881	11.14	217057
51	24901	188354	11.68	213255
52	24963	197024	11.25	221987
53	24565	191090	11.39	215655
54	24819	190047	11.55	214866
55	24165	183264	11.65	207429
56	23805	186308	11.33	210113
57	24340	197301	10.98	221641
58	24672	188333	11.58	213005
59	24018	184637	11.51	208655
60	23810	185369	11.38	209179
61	24250	192497	11.19	216747
62	23886	183978	11.49	207864
63	25246	192955	11.57	218201
64	22681	180213	11.18	202894
65	23514	179573	11.58	203087
66	23546	182359	11.44	205905
67	23545	179916	11.57	203461
68	23514	179985	11.55	203499
69	22662	176605	11.37	199267
70	22158	177199	11.11	199357
71	23483	180220	11.53	203703
72	21347	174674	10.89	196021
73	21495	174945	10.94	196440
74	22290	180646	10.98	202936
75	22227	178898	11.05	201125
76	22406	176113	11.29	198519
77	20681	173883	10.63	194564
78	20817	172426	10.77	193243
79	20727	172977	10.70	193704
80	21043	178552	10.54	199595
81	20538	178640	10.31	199178
82	20437	174533	10.48	194970
83	20522	173425	10.58	193947
84	19720	166209	10.61	185929
85	18722	162382	10.34	181104
86	18142	158048	10.30	176190
87	16012	149641	9.67	165653
88	8823	66239	11.75	75062

CHH context
===========
position	count methylated	count unmethylated	% methylation	coverage
1	90039	660121	12.00	750160
2	89881	671284	11.81	761165
3	94667	666343	12.44	761010
4	90484	625523	12.64	716007
5	89957	613343	12.79	703300
6	89616	609591	12.82	699207
7	88962	596950	12.97	685912
8	91500	627504	12.73	719004
9	92482	614647	13.08	707129
10	93185	632697	12.84	725882
11	92200	617753	12.99	709953
12	90163	610425	12.87	700588
13	90569	606647	12.99	697216
14	89952	599230	13.05	689182
15	92770	612801	13.15	705571
16	96194	612312	13.58	708506
17	93652	600389	13.49	694041
18	90924	609262	12.99	700186
19	94241	631417	12.99	725658
20	90155	607124	12.93	697279
21	91059	593472	13.30	684531
22	92781	608630	13.23	701411
23	93050	604762	13.33	697812
24	92564	619100	13.01	711664
25	91821	605552	13.17	697373
26	91789	620053	12.89	711842
27	90743	623176	12.71	713919
28	89233	616199	12.65	705432
29	93282	633352	12.84	726634
30	94178	625489	13.09	719667
31	91506	617216	12.91	708722
32	88320	626759	12.35	715079
33	88726	622860	12.47	711586
34	91286	644021	12.41	735307
35	91152	638755	12.49	729907
36	88961	631017	12.36	719978
37	88371	613003	12.60	701374
38	89472	619376	12.62	708848
39	91629	638542	12.55	730171
40	89632	638969	12.30	728601
41	90306	633464	12.48	723770
42	87384	629230	12.19	716614
43	88102	639566	12.11	727668
44	88678	643140	12.12	731818
45	88532	617416	12.54	705948
46	89198	624467	12.50	713665
47	86504	617845	12.28	704349
48	88164	626652	12.33	714816
49	88070	618256	12.47	706326
50	85978	616541	12.24	702519
51	88655	629706	12.34	718361
52	86868	620147	12.29	707015
53	89337	623581	12.53	712918
54	85797	612615	12.28	698412
55	85402	606249	12.35	691651
56	82573	605667	12.00	688240
57	83660	602130	12.20	685790
58	82990	604660	12.07	687650
59	83489	605421	12.12	688910
60	83271	600882	12.17	684153
61	80994	591876	12.04	672870
62	83164	588683	12.38	671847
63	80721	585181	12.12	665902
64	81990	585004	12.29	666994
65	80134	579912	12.14	660046
66	79978	584058	12.04	664036
67	78738	577861	11.99	656599
68	78376	577896	11.94	656272
69	77730	568984	12.02	646714
70	77335	572417	11.90	649752
71	77819	574471	11.93	652290
72	76105	572447	11.73	648552
73	75114	571538	11.62	646652
74	76229	572836	11.74	649065
75	75101	579562	11.47	654663
76	75083	574295	11.56	649378
77	75403	573110	11.63	648513
78	74200	568345	11.55	642545
79	73730	561865	11.60	635595
80	73326	554856	11.67	628182
81	72808	552221	11.65	625029
82	71574	552010	11.48	623584
83	72602	553975	11.59	626577
84	71860	555340	11.46	627200
85	69550	544851	11.32	614401
86	66620	531362	11.14	597982
87	57372	483704	10.60	541076
88	38104	228356	14.30	266460

