
SUMMARISING RUN PARAMETERS
==========================
Input filename: 01.rawdata/chunks/SRR27586278/SRR27586278_R1.part_001_BC_cov.fq.gz
Trimming mode: paired-end
Trim Galore version: 0.6.7
Cutadapt version: 5.2
Python version: could not detect
Number of cores used for trimming: 16
Quality Phred score cutoff: 20
Quality encoding type selected: ASCII+33
Using Nextera adapter for trimming (count: 499817). Second best hit was smallRNA (count: 2)
Adapter sequence: 'CTGTCTCTTATA' (Nextera Transposase sequence; auto-detected)
Maximum trimming error rate: 0.1 (default)
Minimum required adapter overlap (stringency): 1 bp
Minimum required sequence length for both reads before a sequence pair gets removed: 20 bp
Output file will be GZIP compressed


This is cutadapt 5.2 with Python 3.12.12
Command line parameters: -j 16 -e 0.1 -q 20 -O 1 -a CTGTCTCTTATA 01.rawdata/chunks/SRR27586278/SRR27586278_R1.part_001_BC_cov.fq.gz
Processing single-end reads on 16 cores ...

=== Summary ===

Total reads processed:             479,507,351
Reads with adapters:               336,200,041 (70.1%)
Reads written (passing filters):   479,507,351 (100.0%)

Total basepairs processed: 72,405,610,001 bp
Quality-trimmed:             142,581,101 bp (0.2%)
Total written (filtered):  55,468,008,058 bp (76.6%)

=== Adapter 1 ===

Sequence: CTGTCTCTTATA; Type: regular 3'; Length: 12; Trimmed: 336200041 times

Minimum overlap: 1
No. of allowed errors:
1-9 bp: 0; 10-12 bp: 1

Bases preceding removed adapters:
  A: 14.7%
  C: 37.3%
  G: 25.8%
  T: 22.2%
  none/other: 0.0%

Overview of removed sequences
length	count	expect	max.err	error counts
1	45481119	119876837.8	0	45481119
2	16557583	29969209.4	0	16557583
3	5771672	7492302.4	0	5771672
4	2805992	1873075.6	0	2805992
5	1894783	468268.9	0	1894783
6	1781319	117067.2	0	1781319
7	1658711	29266.8	0	1658711
8	1585155	7316.7	0	1585155
9	1481155	1829.2	0	1466007 15148
10	1510536	457.3	1	1419863 90673
11	1535854	114.3	1	1442380 93474
12	1671135	28.6	1	1555120 116015
13	1629310	28.6	1	1530812 98498
14	1806125	28.6	1	1684619 121506
15	1839665	28.6	1	1725746 113919
16	2129723	28.6	1	1974761 154962
17	1743419	28.6	1	1636594 106825
18	1710108	28.6	1	1603376 106732
19	1646410	28.6	1	1544854 101556
20	1681495	28.6	1	1570466 111029
21	1744211	28.6	1	1628314 115897
22	1533373	28.6	1	1443172 90201
23	1912714	28.6	1	1781742 130972
24	1812220	28.6	1	1705129 107091
25	2028284	28.6	1	1897974 130310
26	2128139	28.6	1	1990116 138023
27	2137299	28.6	1	1994602 142697
28	1942166	28.6	1	1815736 126430
29	2107378	28.6	1	1956182 151196
30	1602321	28.6	1	1505537 96784
31	1892877	28.6	1	1760757 132120
32	1723681	28.6	1	1617089 106592
33	1878655	28.6	1	1754641 124014
34	2157872	28.6	1	2008740 149132
35	2420055	28.6	1	2238508 181547
36	2443424	28.6	1	2279388 164036
37	3223571	28.6	1	3030402 193169
38	1336356	28.6	1	1227626 108730
39	2179952	28.6	1	2030931 149021
40	2472528	28.6	1	2322327 150201
41	1644675	28.6	1	1525805 118870
42	1766028	28.6	1	1646002 120026
43	2268795	28.6	1	2101217 167578
44	2343325	28.6	1	2178276 165049
45	3754333	28.6	1	3534356 219977
46	1576037	28.6	1	1462562 113475
47	2582778	28.6	1	2430364 152414
48	2865321	28.6	1	2678281 187040
49	2817411	28.6	1	2647000 170411
50	1861732	28.6	1	1745264 116468
51	2596348	28.6	1	2431520 164828
52	2091159	28.6	1	1952872 138287
53	2136577	28.6	1	2010503 126074
54	2641078	28.6	1	2480192 160886
55	3386188	28.6	1	3175952 210236
56	3107839	28.6	1	2925256 182583
57	3213183	28.6	1	3035897 177286
58	3539190	28.6	1	3343068 196122
59	3827072	28.6	1	3621553 205519
60	1612421	28.6	1	1520309 92112
61	2075456	28.6	1	1952924 122532
62	3535930	28.6	1	3336976 198954
63	2388679	28.6	1	2259009 129670
64	2795022	28.6	1	2640724 154298
65	3147139	28.6	1	2959901 187238
66	7214455	28.6	1	6851598 362857
67	2843312	28.6	1	2679732 163580
68	3844914	28.6	1	3643359 201555
69	2910173	28.6	1	2749623 160550
70	2825589	28.6	1	2671933 153656
71	948275	28.6	1	884732 63543
72	1018151	28.6	1	951929 66222
73	1570633	28.6	1	1477747 92886
74	2236223	28.6	1	2109880 126343
75	2884498	28.6	1	2725093 159405
76	3355738	28.6	1	3171060 184678
77	3718763	28.6	1	3515557 203206
78	3735517	28.6	1	3531027 204490
79	3566237	28.6	1	3370609 195628
80	3270529	28.6	1	3091403 179126
81	2904466	28.6	1	2745363 159103
82	2690197	28.6	1	2542531 147666
83	2582108	28.6	1	2441184 140924
84	2775942	28.6	1	2623842 152100
85	3133755	28.6	1	2963823 169932
86	3565835	28.6	1	3373218 192617
87	3895395	28.6	1	3687412 207983
88	3793722	28.6	1	3592294 201428
89	3520271	28.6	1	3333253 187018
90	3092138	28.6	1	2927708 164430
91	2757042	28.6	1	2609547 147495
92	2542372	28.6	1	2405244 137128
93	2411906	28.6	1	2281740 130166
94	2562148	28.6	1	2424197 137951
95	2874691	28.6	1	2719826 154865
96	3291636	28.6	1	3114880 176756
97	3525410	28.6	1	3338231 187179
98	3337500	28.6	1	3159269 178231
99	2901437	28.6	1	2747495 153942
100	2454755	28.6	1	2324062 130693
101	2125688	28.6	1	2012244 113444
102	1906548	28.6	1	1804440 102108
103	1771895	28.6	1	1676105 95790
104	1844733	28.6	1	1745174 99559
105	2081006	28.6	1	1969878 111128
106	2362334	28.6	1	2236776 125558
107	2451148	28.6	1	2320891 130257
108	2171348	28.6	1	2055012 116336
109	1654893	28.6	1	1564622 90271
110	1245122	28.6	1	1176326 68796
111	961309	28.6	1	907593 53716
112	805350	28.6	1	760360 44990
113	671078	28.6	1	632266 38812
114	648915	28.6	1	610746 38169
115	647225	28.6	1	609566 37659
116	561386	28.6	1	527189 34197
117	469541	28.6	1	440579 28962
118	391255	28.6	1	364378 26877
119	275706	28.6	1	255967 19739
120	153812	28.6	1	141754 12058
121	72579	28.6	1	64668 7911
122	25402	28.6	1	20192 5210
123	19630	28.6	1	12673 6957
124	13736	28.6	1	8616 5120
125	8432	28.6	1	3904 4528
126	6649	28.6	1	2544 4105
127	7484	28.6	1	3307 4177
128	8145	28.6	1	1744 6401
129	6297	28.6	1	1343 4954
130	5207	28.6	1	1273 3934
131	5854	28.6	1	980 4874
132	4802	28.6	1	983 3819
133	6987	28.6	1	744 6243
134	4106	28.6	1	648 3458
135	4719	28.6	1	588 4131
136	4335	28.6	1	460 3875
137	4502	28.6	1	432 4070
138	6420	28.6	1	351 6069
139	4854	28.6	1	292 4562
140	3661	28.6	1	172 3489
141	8086	28.6	1	226 7860
142	4978	28.6	1	195 4783
143	11878	28.6	1	354 11524
144	2015	28.6	1	42 1973
145	2806	28.6	1	67 2739
146	1752	28.6	1	24 1728
147	3014	28.6	1	47 2967
148	7449	28.6	1	119 7330
149	2906	28.6	1	43 2863
150	1811	28.6	1	30 1781
151	1459	28.6	1	26 1433

RUN STATISTICS FOR INPUT FILE: 01.rawdata/chunks/SRR27586278/SRR27586278_R1.part_001_BC_cov.fq.gz
=============================================
479507351 sequences processed in total

